Model: gaussian
Real logL: -540.7087978691677
Mean sim logL: -2252.4344642645033
Std sim logL: 24.492191678762712
Delta TS: 1711.7256663953356
Significance: 69.88862772454866 sigma
TS_sim array:
-2.289982661788532369e+03
-2.249893823559035809e+03
-2.277691935294192263e+03
-2.282968498234600247e+03
-2.220424444672883510e+03
-2.284396582783419944e+03
-2.281688285315090980e+03
-2.266737997299083418e+03
-2.207499601866114517e+03
-2.248607977626200409e+03
-2.234926472579530582e+03
-2.228655542111745945e+03
-2.261845300596317884e+03
-2.276555023513591550e+03
-2.275198285577444949e+03
-2.254263867089503037e+03
-2.215869356777014218e+03
-2.255765249757034326e+03
-2.269957527472515267e+03
-2.226618266731308267e+03
-2.259230742330526482e+03
-2.275436057935216013e+03
-2.257873297426764566e+03
-2.233911347218193441e+03
-2.272700818015178811e+03
-2.251070162294949569e+03
-2.252749863996960357e+03
-2.253562781176467524e+03
-2.250218439299196234e+03
-2.248246975037049651e+03
-2.267651143482059979e+03
-2.279096499286384642e+03
-2.215669762471528884e+03
-2.263893310994259082e+03
-2.202981869650260251e+03
-2.263309433345599246e+03
-2.237467883845801225e+03
-2.270687297280306666e+03
-2.269127066580925202e+03
-2.275881578343239198e+03
-2.264358219864692273e+03
-2.259398600808204719e+03
-2.258208976319106114e+03
-2.238899188276640416e+03
-2.269781164978444394e+03
-2.270110289458434636e+03
-2.267701230897542700e+03
-2.265862977294265875e+03
-2.223356874045264703e+03
-2.259983299575514138e+03
-2.218222952304836326e+03
-2.216058594341762728e+03
-2.275512943303679549e+03
-2.301970335261169566e+03
-2.260446064016689888e+03
-2.266880690951041288e+03
-2.265602934713078866e+03
-2.236833075168173309e+03
-2.247963511233016561e+03
-2.237664793741683297e+03
-2.216467801545405564e+03
-2.261018677349385143e+03
-2.270731446228190634e+03
-2.230300938966632202e+03
-2.206255734421357829e+03
-2.239955419626753155e+03
-2.259463547965789530e+03
-2.219088072476919479e+03
-2.267418502869919394e+03
-2.240095495343855873e+03
-2.270035012780110719e+03
-2.241359832888393612e+03
-2.274505975504878279e+03
-2.247084228131244345e+03
-2.273140117118845410e+03
-2.260377471482066539e+03
-2.214569478530741890e+03
-2.270087547391193311e+03
-2.262112850637267911e+03
-2.268959844245567183e+03
-2.280830423673368387e+03
-2.260973472409369606e+03
-2.229177183837765824e+03
-2.259890363616460945e+03
-2.254447146572501879e+03
-2.261292224653839639e+03
-2.279497853050476806e+03
-2.266210239946247384e+03
-2.240550965065140645e+03
-2.292094391851340333e+03
-2.243534325566188727e+03
-2.234364406593459080e+03
-2.296453084650265282e+03
-2.234544340498247948e+03
-2.260900691718908547e+03
-2.215417122142843709e+03
-2.256035760328987635e+03
-2.224094476045016563e+03
-2.229422294517783484e+03
-2.213010962155666675e+03
-2.273567019923740645e+03
-2.270255653187158714e+03
-2.276631455193365582e+03
-2.276251593615969796e+03
-2.225283933378321308e+03
-2.253932271177020993e+03
-2.254031695547952950e+03
-2.224997657989510117e+03
-2.224329497715093567e+03
-2.253076152932293553e+03
-2.266682259216056082e+03
-2.215244753925240730e+03
-2.247653727251100463e+03
-2.268356870996271027e+03
-2.285909739638024803e+03
-2.257073789236792891e+03
-2.221673522443587899e+03
-2.280736156888252481e+03
-2.253848454282167495e+03
-2.280152726760540645e+03
-2.292925550675706290e+03
-2.282518554018520263e+03
-2.249031325039279182e+03
-2.224397977654108217e+03
-2.236396990025192281e+03
-2.230151945831514240e+03
-2.247789190143909764e+03
-2.270407537625465920e+03
-2.257589531458933379e+03
-2.256068372560346234e+03
-2.255665826430285961e+03
-2.221305907285807734e+03
-2.225039250958934645e+03
-2.280895886515407256e+03
-2.215634515131156149e+03
-2.221461651836045348e+03
-2.258324440507421969e+03
-2.259659530916978838e+03
-2.252984803141540851e+03
-2.281415069339220281e+03
-2.212037327796354930e+03
-2.244798048026308606e+03
-2.266676668665491889e+03
-2.294451581377819821e+03
-2.253798938846015972e+03
-2.259011521003806592e+03
-2.262638727498760090e+03
-2.300576793361812634e+03
-2.243581782610249320e+03
-2.251151182954396063e+03
-2.216008546849111553e+03
-2.268421473768580654e+03
-2.269021651230229509e+03
-2.302420667385399156e+03
-2.216871863743731865e+03
-2.283641877068239864e+03
-2.242997823191522002e+03
-2.222064539302507455e+03
-2.252967143817672422e+03
-2.273374936738318866e+03
-2.280262456385783480e+03
-2.281641375255509047e+03
-2.223925086811612346e+03
-2.217151830354904632e+03
-2.277587657767983728e+03
-2.225993662455574395e+03
-2.217426633310014950e+03
-2.258099003121886653e+03
-2.265257064573753723e+03
-2.244506223638387837e+03
-2.277131689459316476e+03
-2.265119832394441346e+03
-2.218658047784946120e+03
-2.253346219746978477e+03
-2.250550845063574343e+03
-2.204221471894169554e+03
-2.253009994290648592e+03
-2.247414121937157688e+03
-2.219752970054416437e+03
-2.226906341782074378e+03
-2.267329953271758313e+03
-2.257899599580999165e+03
-2.210496963236465490e+03
-2.262129286653272629e+03
-2.253892198473688040e+03
-2.278662598113194690e+03
-2.212568729854044705e+03
-2.238668799643823149e+03
-2.271128758459247365e+03
-2.233119467988469751e+03
-2.260851083158327128e+03
-2.226639520904584060e+03
-2.261232862092232608e+03
-2.261529863245659271e+03
-2.249821783217688335e+03
-2.287314958754422150e+03
-2.283242659040145554e+03
-2.228273684792600761e+03
-2.225996054094280225e+03
-2.265320430776007925e+03
-2.245247330914034137e+03
-2.242847335546764498e+03
-2.221487219263177849e+03
-2.254042263706375707e+03
-2.272865677056628556e+03
-2.262632476033772036e+03
-2.209454141381211230e+03
-2.256928048692447646e+03
-2.234837156007150497e+03
-2.264765886882868472e+03
-2.258956777431487808e+03
-2.243782490367590071e+03
-2.256989776901721598e+03
-2.260601565189596840e+03
-2.262739440878940513e+03
-2.272787827170904166e+03
-2.263162859982439841e+03
-2.269858039291723344e+03
-2.279806992199210072e+03
-2.263589298383707046e+03
-2.262723022837160897e+03
-2.281820345078170249e+03
-2.237400234394719973e+03
-2.229790422510482131e+03
-2.261621798690653577e+03
-2.262044790790027946e+03
-2.293463033684299262e+03
-2.259988294152604794e+03
-2.277257869248574025e+03
-2.227828106481395480e+03
-2.264884634581412229e+03
-2.269836837332786217e+03
-2.287805950706455405e+03
-2.258699854381730802e+03
-2.265344775465739986e+03
-2.233461831962332326e+03
-2.237177294102346423e+03
-2.229211227315973701e+03
-2.273001535046892059e+03
-2.219096569493160132e+03
-2.261184401039164641e+03
-2.227583980264829734e+03
-2.262663310787790579e+03
-2.219697874587223396e+03
-2.251370388332467883e+03
-2.257928464218894078e+03
-2.275024120412816956e+03
-2.295796903922896036e+03
-2.275131689877478493e+03
-2.214247287767300804e+03
-2.263810491413837553e+03
-2.261878168472723701e+03
-2.234799135843887598e+03
-2.277660334954404789e+03
-2.209868471488013711e+03
-2.270971956375736227e+03
-2.215486677342164967e+03
-2.225765061571100887e+03
-2.232041563486493033e+03
-2.270607303985910676e+03
-2.262356462739753624e+03
-2.211101207348891876e+03
-2.262868399261408285e+03
-2.269040047405396763e+03
-2.224981274035083061e+03
-2.273094423703483699e+03
-2.290154755064991150e+03
-2.266078358049106100e+03
-2.225617576522415220e+03
-2.254391824631718009e+03
-2.233441157024923541e+03
-2.272215910229573183e+03
-2.221632537579805103e+03
-2.230802129534059532e+03
-2.262193278428062513e+03
-2.283396762167192719e+03
-2.267514134896469841e+03
-2.279639310946900878e+03
-2.239758954473082213e+03
-2.253184216313631168e+03
-2.261408685994093048e+03
-2.223363651592255337e+03
-2.247035103676300878e+03
-2.255132844254047541e+03
-2.246629774455246661e+03
-2.227380200607863117e+03
-2.218255268288089610e+03
-2.259674930401586607e+03
-2.238985872239981290e+03
-2.214170226889921651e+03
-2.265249396464541405e+03
-2.258100902930801112e+03
-2.272925312356806899e+03
-2.221470957580019785e+03
-2.218515877916458976e+03
-2.279320849840040864e+03
-2.234479464473705775e+03
-2.259737757351620530e+03
-2.301474508323946338e+03
-2.245336384468649157e+03
-2.264943592822473420e+03
-2.294352879525394656e+03
-2.215646647758045674e+03
-2.282043975759017485e+03
-2.261182715209813068e+03
-2.207876177787278721e+03
-2.263853577125943502e+03
-2.262945371061913193e+03
-2.249523974381982953e+03
-2.280096821953934068e+03
-2.274317186428038440e+03
-2.262055197542471433e+03
-2.228491877455676331e+03
-2.271451834003216391e+03
-2.226548494690197003e+03
-2.272523939731333940e+03
-2.202785631783550343e+03
-2.219787103550063875e+03
-2.229094863812232688e+03
-2.237440579416464971e+03
-2.272250934984493142e+03
-2.208308122539979195e+03
-2.260804083705906123e+03
-2.247597655796694198e+03
-2.241135847531461422e+03
-2.259128841879492938e+03
-2.255358316994678717e+03
-2.282795013939040473e+03
-2.250785052691796864e+03
-2.264256413263964532e+03
-2.289027606240256318e+03
-2.258078027795957496e+03
-2.255926485643321939e+03
-2.283304172717063011e+03
-2.265931580676872727e+03
-2.283557851421608575e+03
-2.277114933476087572e+03
-2.225464892268874792e+03
-2.225709213027037549e+03
-2.268670268028094142e+03
-2.245217388957699768e+03
-2.256510224875159111e+03
-2.253823594052201770e+03
-2.229556398157013064e+03
-2.212281202741009110e+03
-2.210873949754468413e+03
-2.209213794116535155e+03
-2.257730448840223744e+03
-2.279751923335670654e+03
-2.265309266422959809e+03
-2.268324629775531776e+03
-2.249229651654573900e+03
-2.269702013524177346e+03
-2.259365934158468917e+03
-2.277546004124305455e+03
-2.230194356198384412e+03
-2.252437020311421747e+03
-2.230939529239096828e+03
-2.280135461882312029e+03
-2.237199601270398489e+03
-2.215575912137977866e+03
-2.266809323520704311e+03
-2.213762289285654333e+03
-2.247308021971263315e+03
-2.220748772597096831e+03
-2.282281183590732780e+03
-2.228214181234017815e+03
-2.238212250063877946e+03
-2.305929287954331812e+03
-2.259210337295357931e+03
-2.254593828930970631e+03
-2.284269679459735926e+03
-2.253066269466301037e+03
-2.224338991423758671e+03
-2.268080612769318577e+03
-2.281937519060740215e+03
-2.261822264538406671e+03
-2.253666454262100615e+03
-2.280193810090830084e+03
-2.248190231999093157e+03
-2.266575107204211236e+03
-2.218950615269006448e+03
-2.208643618366468672e+03
-2.217452535583769077e+03
-2.213243548055492738e+03
-2.266080243237942341e+03
-2.228566921362641551e+03
-2.236223824066600628e+03
-2.292026060648552630e+03
-2.213283700999164466e+03
-2.256987226113806173e+03
-2.216528064562223335e+03
-2.275209226798789132e+03
-2.223501570188606820e+03
-2.284766033740871080e+03
-2.221651904746235232e+03
-2.294494243575907603e+03
-2.288586572302391687e+03
-2.226157126794980286e+03
-2.219280070461501964e+03
-2.267606356882315595e+03
-2.260298101412368396e+03
-2.252780351608772889e+03
-2.255240985155326598e+03
-2.273100212205546995e+03
-2.261860168913076905e+03
-2.271898797481489055e+03
-2.209415326744600861e+03
-2.202464425648488941e+03
-2.276123869875699711e+03
-2.264864993044403491e+03
-2.273915164883592297e+03
-2.252889611073180276e+03
-2.277505215671337282e+03
-2.278695269165290028e+03
-2.211072882899377873e+03
-2.278523690640891346e+03
-2.279450766317369926e+03
-2.270781164218014055e+03
-2.256159828312467653e+03
-2.216887752062399613e+03
-2.276020758017461503e+03
-2.302002388555269135e+03
-2.221972800320660554e+03
-2.255807565727370275e+03
-2.217619157586765141e+03
-2.268367034729767056e+03
-2.229432610584749455e+03
-2.226235730961610898e+03
-2.271618762958249590e+03
-2.245788143461571963e+03
-2.220229681473620985e+03
-2.264555055260208064e+03
-2.229348241583542404e+03
-2.260331419814204310e+03
-2.260746250336984303e+03
-2.266168520208108930e+03
-2.226320113206976202e+03
-2.226001637901747927e+03
-2.233045113369547835e+03
-2.281545167531433435e+03
-2.211432659841882014e+03
-2.230759863493753528e+03
-2.284390863294389419e+03
-2.269305336815619739e+03
-2.263345215170659230e+03
-2.274953816883433774e+03
-2.260446721337129475e+03
-2.249476082108365517e+03
-2.253366227018957034e+03
-2.216819326560997524e+03
-2.280370204703643140e+03
-2.289113113678322406e+03
-2.229578831584599811e+03
-2.269037487721529942e+03
-2.282218957775658964e+03
-2.275890735069771836e+03
-2.284478634313014481e+03
-2.281930074813421015e+03
-2.286513127971851645e+03
-2.216067323381627375e+03
-2.281380027824967328e+03
-2.246066180158901261e+03
-2.229448066949657004e+03
-2.232860738148284327e+03
-2.280551364330688557e+03
-2.267489012548048777e+03
-2.298241460122859280e+03
-2.274196277648004070e+03
-2.270952061703056188e+03
-2.220087362837072760e+03
-2.304763056135923307e+03
-2.220597693645820073e+03
-2.215820271056504680e+03
-2.287405919628544325e+03
-2.244495175706427744e+03
-2.221410381634194891e+03
-2.271531290310236727e+03
-2.263192835741773706e+03
-2.288308209610844187e+03
-2.275538755033677262e+03
-2.247706567135929618e+03
-2.238136571730670767e+03
-2.279204823283281257e+03
-2.287399283186907269e+03
-2.246036879309102915e+03
-2.258363370297463916e+03
-2.251441849157334218e+03
-2.262267414605056274e+03
-2.269399612634397272e+03
-2.283866683496511541e+03
-2.214125237270190155e+03
-2.277626799348743134e+03
-2.237814901569958238e+03
-2.270075827751066754e+03
-2.253167412943186719e+03
-2.254088395884973579e+03
-2.231626549723695462e+03
-2.284157923105123245e+03
-2.223536987777655668e+03
-2.274963956669166237e+03
-2.281401229531418721e+03
-2.276546063064149166e+03
-2.256387920800921165e+03
-2.256162552613627668e+03
-2.267450797823817538e+03
-2.223660215057005189e+03
-2.275649036739019721e+03
-2.227268536418830081e+03
-2.251579668650444546e+03
-2.218228013515303701e+03
-2.209558785646506294e+03
-2.284297509999666545e+03
-2.262929067311694325e+03
-2.261487288022911798e+03
-2.248917828599139739e+03
-2.207793122800981109e+03
-2.219766169416382581e+03
-2.276261249640023379e+03
-2.255156409596849244e+03
-2.219529600169199512e+03
-2.271490732236664371e+03
-2.256713732082946990e+03
-2.258848686061927765e+03
-2.263026431188844072e+03
-2.277306225111488857e+03
-2.273028253812720777e+03
-2.235194155671221779e+03
-2.270884116124695538e+03
-2.263598035634627195e+03
-2.224196953536054025e+03
-2.291703044187166597e+03
-2.249897437931394052e+03
-2.230860309269631216e+03
-2.285976692306546738e+03
-2.234062997243252539e+03
-2.295718564444000549e+03
-2.214973069318389207e+03
-2.286772109901438853e+03
-2.303673961138771119e+03
-2.282995182733198362e+03
-2.265951694335745742e+03
-2.298382252779910232e+03
-2.218226112040721091e+03
-2.266758874034278961e+03
-2.251643677041618048e+03
-2.255995922757720564e+03
-2.243942602867507048e+03
-2.277263641656335949e+03
-2.303682012811885670e+03
-2.217765767778962072e+03
-2.244092476191417518e+03
-2.270164597921688255e+03
-2.229646781705920148e+03
-2.266642053089960427e+03
-2.213096541555887143e+03
-2.272462682066434354e+03
-2.271003391624330106e+03
-2.230167174031239483e+03
-2.269539380749151405e+03
-2.212461742911975307e+03
-2.238637895737518193e+03
-2.300806803138814757e+03
-2.275373157671851914e+03
-2.227053564177343105e+03
-2.223409925582628148e+03
-2.249482533713982775e+03
-2.242257215808034744e+03
-2.259297218580382832e+03
-2.246774322338837010e+03
-2.220451752863398724e+03
-2.263998552016531903e+03
-2.288291348876686698e+03
-2.222314330918875385e+03
-2.275795180913629792e+03
-2.273890053135231938e+03
-2.220751397205747253e+03
-2.229607328940022853e+03
-2.225057622449499831e+03
-2.215360663368490350e+03
-2.220765841984277358e+03
-2.207369579540175891e+03
-2.231959858401453403e+03
-2.208785897089762329e+03
-2.218535978929377961e+03
-2.228479410794878277e+03
-2.287337099405947356e+03
-2.263900678524502837e+03
-2.231606626478426733e+03
-2.264841337995180311e+03
-2.271278882570180031e+03
-2.238012781904435542e+03
-2.231909762140610837e+03
-2.290158145590216009e+03
-2.220683467110436141e+03
-2.248780700244621585e+03
-2.269716766771115545e+03
-2.234260729987771356e+03
-2.264522219949177270e+03
-2.232903656653660164e+03
-2.226033254688658417e+03
-2.257423153919228753e+03
-2.268942443416461174e+03
-2.293273523186893726e+03
-2.283680176961946927e+03
-2.214235922770649267e+03
-2.256363719795730503e+03
-2.279147981412908393e+03
-2.294841153899453275e+03
-2.273173426800007292e+03
-2.230820212261679444e+03
-2.270404866143647723e+03
-2.269434493275321074e+03
-2.268823474913578139e+03
-2.218625287165829832e+03
-2.274844077293019836e+03
-2.268869435019162211e+03
-2.223207177081748341e+03
-2.263065099097319035e+03
-2.263801487623311914e+03
-2.210521505178659936e+03
-2.251085806790774313e+03
-2.263198219400207108e+03
-2.287633312599302371e+03
-2.295075432801875195e+03
-2.265919547344882631e+03
-2.228389744607248304e+03
-2.261757435693202751e+03
-2.266337595079728089e+03
-2.215313027893159870e+03
-2.214883865628265085e+03
-2.223332919954227691e+03
-2.214658258447954267e+03
-2.245998331543823042e+03
-2.277333973961514857e+03
-2.254110593629309278e+03
-2.282841860744868427e+03
-2.270150998577410064e+03
-2.239796453769449727e+03
-2.278425974585793028e+03
-2.237276493644208131e+03
-2.234512469352631342e+03
-2.269641464987475956e+03
-2.270640645962673716e+03
-2.218336771155510178e+03
-2.262645606871967175e+03
-2.248249901806757407e+03
-2.286455146160271397e+03
-2.287809010165784002e+03
-2.286281167031473160e+03
-2.222284201013394977e+03
-2.254217349751867459e+03
-2.224545661741969525e+03
-2.260697161616483299e+03
-2.241916880276284701e+03
-2.213454377708691027e+03
-2.272273805386200365e+03
-2.265797257643806461e+03
-2.262643449719814726e+03
-2.234644175761928636e+03
-2.298353009270658731e+03
-2.228666051064406929e+03
-2.227493180082136860e+03
-2.208303584938495987e+03
-2.250018649728805940e+03
-2.277590278398886767e+03
-2.261179706734817046e+03
-2.211106741532801607e+03
-2.213803769892413584e+03
-2.281738365335935214e+03
-2.262060252397639943e+03
-2.263298889064160448e+03
-2.272787032732711850e+03
-2.220619597860351860e+03
-2.263866573965077350e+03
-2.285483885743092287e+03
-2.238164872633054074e+03
-2.210709225410729232e+03
-2.215954635834998498e+03
-2.234634696259355223e+03
-2.248945435239984818e+03
-2.258329504693280796e+03
-2.226601568748027148e+03
-2.215859195857637133e+03
-2.255073307395560732e+03
-2.242092836801551130e+03
-2.262672586221797246e+03
-2.273801210902786806e+03
-2.255618706129410384e+03
-2.284544601067560507e+03
-2.273303073293668149e+03
-2.237478443132455141e+03
-2.254138724695644214e+03
-2.278409905025415355e+03
-2.282075728112504294e+03
-2.262217150931773176e+03
-2.272558534720533771e+03
-2.300861898443633891e+03
-2.274203486750168850e+03
-2.260899080191890789e+03
-2.277593638824198024e+03
-2.272145622511742658e+03
-2.233953684619204523e+03
-2.256862613694015181e+03
-2.263064378005217804e+03
-2.275481142172646287e+03
-2.257820608265893952e+03
-2.304709636570879411e+03
-2.264187647465419559e+03
-2.278337611513944012e+03
-2.282271560700189639e+03
-2.203776908336934866e+03
-2.224769330574119522e+03
-2.240321318234335195e+03
-2.229157239255610875e+03
-2.240756518729305753e+03
-2.269028979495043131e+03
-2.261215105731751919e+03
-2.278162198289011940e+03
-2.243420221980947190e+03
-2.279351989672696618e+03
-2.215065775833153566e+03
-2.214719026295235381e+03
-2.225586317395094738e+03
-2.217363309939160899e+03
-2.213175459198895624e+03
-2.268397704462491674e+03
-2.223444976628413315e+03
-2.272806005104918313e+03
-2.224442339634838845e+03
-2.258905947134676808e+03
-2.225642611992424918e+03
-2.222266949652294898e+03
-2.256104963375948500e+03
-2.275788441721444542e+03
-2.242374596382707750e+03
-2.241787822074828910e+03
-2.255741547958031333e+03
-2.266403196585358273e+03
-2.279652469438833577e+03
-2.261547027053163220e+03
-2.290210449239120408e+03
-2.207942583021550490e+03
-2.210344275957956143e+03
-2.270447610705982697e+03
-2.248537513535163725e+03
-2.228321522111798004e+03
-2.235756201675034390e+03
-2.223754561038912470e+03
-2.228427243962728426e+03
-2.272781905313535390e+03
-2.264703617524613946e+03
-2.269339489694883014e+03
-2.274949054745011381e+03
-2.268122545082590932e+03
-2.259277009146271212e+03
-2.290137079267207810e+03
-2.218831976631240650e+03
-2.228181536724554462e+03
-2.280633575063649914e+03
-2.254211624119031512e+03
-2.280013085296641293e+03
-2.215582198759603671e+03
-2.241539021900539410e+03
-2.215918809909716401e+03
-2.274112384584227584e+03
-2.262517484122613496e+03
-2.256972871691011733e+03
-2.242862232068986941e+03
-2.229906747516010910e+03
-2.247634582607704488e+03
-2.248222947429216219e+03
-2.274008808907954517e+03
-2.254339975920795496e+03
-2.220560723763516307e+03
-2.229255839761057359e+03
-2.222047926029710197e+03
-2.232029574159090771e+03
-2.280320931281587036e+03
-2.275335978864080516e+03
-2.287348225235874452e+03
-2.257359102087655174e+03
-2.260786279193725932e+03
-2.254969636922452992e+03
-2.258010805646401877e+03
-2.282586615575341966e+03
-2.240743778666143953e+03
-2.222633883943263754e+03
-2.276952233994661583e+03
-2.298060596064749006e+03
-2.261274831301519953e+03
-2.268556328670321818e+03
-2.264200180568832366e+03
-2.227096964209572434e+03
-2.297301839251187175e+03
-2.218534316802244120e+03
-2.292515993216264178e+03
-2.219446061738853132e+03
-2.288028428366960725e+03
-2.260300938188917826e+03
-2.213800508842228282e+03
-2.274254454428861209e+03
-2.269516235531914390e+03
-2.225069040031562508e+03
-2.224208413458237374e+03
-2.253343132864445579e+03
-2.223369692267650407e+03
-2.287975318727480953e+03
-2.231510543282248818e+03
-2.271014357377711349e+03
-2.252127099288619320e+03
-2.232723156990263305e+03
-2.232992339647603330e+03
-2.219125344676284840e+03
-2.253135228338003799e+03
-2.271520834789478613e+03
-2.239743663817035667e+03
-2.212233031025624769e+03
-2.229937855036754627e+03
-2.265705060984217198e+03
-2.261963814583888507e+03
-2.225489485044427056e+03
-2.262510745383942776e+03
-2.226965674070413570e+03
-2.215448469599616146e+03
-2.219400152073061690e+03
-2.217222013539026193e+03
-2.285111049443247794e+03
-2.270312436341750072e+03
-2.223993121760839585e+03
-2.268026625974091075e+03
-2.233612375115818395e+03
-2.264598539616087237e+03
-2.211891142522192240e+03
-2.254326970655075002e+03
-2.216415422085427053e+03
-2.275096468178235227e+03
-2.270641156473363480e+03
-2.256927637086319919e+03
-2.283025945332272386e+03
-2.238372956816779151e+03
-2.205605761840469313e+03
-2.227532050118892130e+03
-2.258388020779369072e+03
-2.222809198636211477e+03
-2.224957602540344851e+03
-2.226696429324888413e+03
-2.280456948176361038e+03
-2.256843325294025817e+03
-2.261877529597289140e+03
-2.213526604815708652e+03
-2.215647124300830910e+03
-2.258883913458435018e+03
-2.210410264034489501e+03
-2.237340626407402397e+03
-2.224290687370281375e+03
-2.279300763049333909e+03
-2.217448405443724823e+03
-2.228420889944161900e+03
-2.291063670339086457e+03
-2.282016313074052960e+03
-2.275671508680229181e+03
-2.274491485342416127e+03
-2.254632192597834091e+03
-2.197227792547622357e+03
-2.224082021845187228e+03
-2.255308925364500283e+03
-2.264255303688207277e+03
-2.280961381032676400e+03
-2.286541006510952684e+03
-2.223315756273838360e+03
-2.221048331237496313e+03
-2.298730762206407690e+03
-2.271242305818258956e+03
-2.254739472059462969e+03
-2.225131819960568464e+03
-2.267288947426004597e+03
-2.223553261642084635e+03
-2.267294209963434696e+03
-2.266375744801508517e+03
-2.264120024613624537e+03
-2.291532561683196036e+03
-2.228568718060487754e+03
-2.283639702351776123e+03
-2.207350555138246818e+03
-2.271850721762150897e+03
-2.285436807650060473e+03
-2.218389319967011033e+03
-2.211633919563512791e+03
-2.241963943433158420e+03
-2.264874860041728425e+03
-2.260496882725392879e+03
-2.262095709933814760e+03
-2.216257433480617692e+03
-2.264486782235930605e+03
-2.263425032095032748e+03
-2.261344024331445326e+03
-2.287277426378851942e+03
-2.262119562696173944e+03
-2.252573178256463962e+03
-2.222070040338661784e+03
-2.262417732928197893e+03
-2.284728612861673810e+03
-2.282961800513058733e+03
-2.260494303134869369e+03
-2.265029848333421796e+03
-2.273604357991324832e+03
-2.261693123733668472e+03
-2.274348266216518368e+03
-2.306786195162694639e+03
-2.247375926097197862e+03
-2.267626365614341012e+03
-2.231469888145701589e+03
-2.269170669738683955e+03
-2.267016783886589565e+03
-2.210552348785536651e+03
-2.283022502972033180e+03
-2.256287305807932171e+03
-2.215417767240953253e+03
-2.244595124854727146e+03
-2.262370468835154497e+03
-2.270935384098482700e+03
-2.272431106260731212e+03
-2.212810378448970823e+03
-2.258771690352559744e+03
-2.225956706979036426e+03
-2.239272833317169898e+03
-2.278070098757615597e+03
-2.274970750851406137e+03
-2.233185726693000106e+03
-2.216702710916520118e+03
-2.220979737930892043e+03
-2.298422769825312571e+03
-2.229857559836747441e+03
-2.268613435662969096e+03
-2.236162139029266200e+03
-2.273340532607818204e+03
-2.282501986904694604e+03
-2.261026151794376801e+03
-2.242005252291825400e+03
-2.209910230295784913e+03
-2.259927387035148968e+03
-2.298671480666914249e+03
-2.280663962356528373e+03
-2.263293999616703331e+03
-2.270858955928678824e+03
-2.255286530580020099e+03
-2.226978813555577290e+03
-2.226413541919254840e+03
-2.262540895477658523e+03
-2.265128954746770432e+03
-2.265947326127191445e+03
-2.270292764918603098e+03
-2.219487688286489174e+03
-2.259870984536387823e+03
-2.256581944843569545e+03
-2.262243339861557615e+03
-2.237705331167354871e+03
-2.243944662900860294e+03
-2.252158333745501295e+03
-2.256033707668878378e+03
-2.258841310821654588e+03
-2.230280168682374551e+03
-2.249364942606216573e+03
-2.257422215312587014e+03
-2.254627498657588148e+03
-2.223289271665141769e+03
-2.227156369853569231e+03
-2.244545908493623756e+03
-2.218442797089445776e+03
-2.268723151743821290e+03
-2.236242927869903724e+03
-2.271448766534013885e+03
-2.234167347817327936e+03
-2.213042913821334423e+03
-2.260675487416580836e+03
-2.270428911198172500e+03
-2.217416895616627244e+03
-2.223484032225389456e+03
-2.232246373758745904e+03
-2.265402714149413441e+03
-2.249836255808062560e+03
-2.217983019158225034e+03
-2.284731711234219802e+03
-2.223043401496699062e+03
-2.274606454599700555e+03
-2.233123172500731471e+03
-2.211304285537717078e+03
-2.278543334575845165e+03
-2.295990376195424687e+03
-2.236259085992213386e+03
-2.218897892649928508e+03
-2.253135570176370493e+03
-2.243567224437040295e+03
-2.215161464662371145e+03
-2.253094892752909345e+03
-2.213071686616688567e+03
-2.281421615638466392e+03
-2.260789382603674767e+03
-2.268095656090097691e+03
