Model: gaussian
Real logL: -181.98642719292397
Mean sim logL: -323.82476982751166
Std sim logL: 2.7501922477183443
Delta TS: 141.8383426345877
Significance: 51.57397369302519 sigma
TS_sim array:
-3.248697577400657792e+02
-3.238050937418316835e+02
-3.233943877144813541e+02
-3.244579658024774744e+02
-3.243136491194982227e+02
-3.208430174404485342e+02
-3.254062259191881594e+02
-3.240618993433887454e+02
-3.214070434496379676e+02
-3.245971438813003260e+02
-3.223052475965887993e+02
-3.210906430363236268e+02
-3.240585845386668211e+02
-3.324675880629067706e+02
-3.237380745099319483e+02
-3.227918055157726940e+02
-3.216903194902594123e+02
-3.229422575227929428e+02
-3.232927633655547197e+02
-3.263317527891122154e+02
-3.244366807401540314e+02
-3.229443329580064983e+02
-3.230697190399372971e+02
-3.233916521669999611e+02
-3.312426859926554243e+02
-3.245848624210461253e+02
-3.245620980120961576e+02
-3.232205830241161948e+02
-3.372532059061701375e+02
-3.290371778118097268e+02
-3.213316780384512867e+02
-3.230204492650669863e+02
-3.220597954966657426e+02
-3.217425564119698720e+02
-3.201801339691636485e+02
-3.241529496096255798e+02
-3.244448545141381715e+02
-3.221483115782360755e+02
-3.217658313632965132e+02
-3.238399534411474860e+02
-3.247971978496207726e+02
-3.230320005786101092e+02
-3.234642810402386885e+02
-3.269135085019056532e+02
-3.254814764643602985e+02
-3.213692663432589143e+02
-3.224874669794290867e+02
-3.267911225745453976e+02
-3.235428439084182628e+02
-3.226543533600039382e+02
-3.208765207159430020e+02
-3.280263534945217430e+02
-3.223747448396180744e+02
-3.214368957889874423e+02
-3.273086790331052498e+02
-3.272605322534933521e+02
-3.251778737773978492e+02
-3.238091703644830659e+02
-3.247120297244357516e+02
-3.268740473851987645e+02
-3.270283058248446082e+02
-3.209893116241332791e+02
-3.237764098930782666e+02
-3.253531914558278686e+02
-3.245089627483700383e+02
-3.270936460250417213e+02
-3.227752641765237058e+02
-3.243861846592513416e+02
-3.233984507215874373e+02
-3.215257364744278448e+02
-3.237084837920293694e+02
-3.237073343937286154e+02
-3.237392650163307621e+02
-3.238083846991447103e+02
-3.209030857027285037e+02
-3.222205921812945917e+02
-3.234983017118489101e+02
-3.234166822672863191e+02
-3.248750035397961256e+02
-3.232140288258121927e+02
-3.239241678736578933e+02
-3.233838936765532708e+02
-3.192202077802290319e+02
-3.212221895061727537e+02
-3.220085295134248327e+02
-3.245256421670298437e+02
-3.229113587738035562e+02
-3.214922318335836735e+02
-3.228412775940356596e+02
-3.257563224065783061e+02
-3.206415513866660376e+02
-3.222275124504120640e+02
-3.245675642760350001e+02
-3.229022121937510974e+02
-3.201582482585685057e+02
-3.248500859324815337e+02
-3.240442708320111933e+02
-3.219076076347034814e+02
-3.240695612981882050e+02
-3.221484959998117574e+02
-3.229433750795512879e+02
-3.242527633147445840e+02
-3.253825699455613858e+02
-3.248158263813481881e+02
-3.216537194710567178e+02
-3.236608980732914915e+02
-3.238682621293594934e+02
-3.229704633342635134e+02
-3.228047552369079085e+02
-3.233664522335748188e+02
-3.235087659398005826e+02
-3.242256501533587993e+02
-3.220236115701845847e+02
-3.257719928255855280e+02
-3.251658111520631564e+02
-3.242723350393216037e+02
-3.210956593253123401e+02
-3.231946625352974252e+02
-3.212564660573764854e+02
-3.234837580499147407e+02
-3.211283192335848753e+02
-3.228281146926805150e+02
-3.221684960013885188e+02
-3.277857722787236980e+02
-3.262445333038255626e+02
-3.257447560653251344e+02
-3.235717258989519678e+02
-3.186843493481952692e+02
-3.224633846978020983e+02
-3.209261481879802886e+02
-3.240971116396078742e+02
-3.216097708770248005e+02
-3.217282474496787472e+02
-3.227037196474975644e+02
-3.234588870775261285e+02
-3.217420739182072680e+02
-3.213027998753150314e+02
-3.246276903204532118e+02
-3.249890392373982877e+02
-3.239545937643963498e+02
-3.238833273943708946e+02
-3.253691481742434348e+02
-3.203821205997454058e+02
-3.228154144628696258e+02
-3.238087352563661057e+02
-3.251874359436048962e+02
-3.269972624140646076e+02
-3.233693185619743531e+02
-3.247061994824393878e+02
-3.240949861912675942e+02
-3.230013017214817523e+02
-3.245519035097598817e+02
-3.222901485331960885e+02
-3.244147744641580857e+02
-3.259406671188456244e+02
-3.198673835513064319e+02
-3.221686499679628923e+02
-3.222074455585791384e+02
-3.237127645889443670e+02
-3.222947572353169789e+02
-3.251245298058173603e+02
-3.220215902757422555e+02
-3.207344700478176946e+02
-3.227664400795068786e+02
-3.240015495329052442e+02
-3.220214966888318031e+02
-3.244934684177139275e+02
-3.300337681070135432e+02
-3.291929383504958651e+02
-3.217635358487383428e+02
-3.231282687244457748e+02
-3.278540559630200732e+02
-3.217777846678606011e+02
-3.299613737042173511e+02
-3.218747121894958809e+02
-3.316473446084229408e+02
-3.212683461607972504e+02
-3.212475382331360265e+02
-3.242030446618615542e+02
-3.232288746826950501e+02
-3.267754462922468974e+02
-3.231380208406034740e+02
-3.216915392661605892e+02
-3.216473602112403114e+02
-3.232047408895934950e+02
-3.198800467733077539e+02
-3.255726378494459823e+02
-3.267172711189124925e+02
-3.235463838755650841e+02
-3.199644643424757646e+02
-3.214812157994207382e+02
-3.228923616652381270e+02
-3.222292657728073664e+02
-3.232859877478310864e+02
-3.214802678484546732e+02
-3.259971829241378600e+02
-3.262782942585766932e+02
-3.214898826601408359e+02
-3.229353152865880929e+02
-3.249128022479495712e+02
-3.240632401475280631e+02
-3.229109875485822840e+02
-3.258653396060651630e+02
-3.192916614087221774e+02
-3.199155555146946881e+02
-3.209948411309137555e+02
-3.220475908665024463e+02
-3.241911455344130673e+02
-3.232456575969292771e+02
-3.223183904505322062e+02
-3.255798134281507146e+02
-3.234032909105632143e+02
-3.239473774027894706e+02
-3.234696601665116873e+02
-3.222943999178206127e+02
-3.256841954540997222e+02
-3.222974583441961727e+02
-3.215544070294801031e+02
-3.274289254729333152e+02
-3.268559698202503228e+02
-3.334892199322326292e+02
-3.226014199975983843e+02
-3.232123277610032801e+02
-3.249962887383281895e+02
-3.229725774140379144e+02
-3.200481435608589891e+02
-3.231232217809165377e+02
-3.247403203453760625e+02
-3.236240569174260600e+02
-3.292702694829216625e+02
-3.287586390853036846e+02
-3.361051917054383011e+02
-3.237167967697767494e+02
-3.249743484701347711e+02
-3.231750873023907502e+02
-3.214464207672026532e+02
-3.257850224791522464e+02
-3.246662694637415143e+02
-3.223675617155250848e+02
-3.234208852871213367e+02
-3.249628373075659624e+02
-3.242849017378857752e+02
-3.202599096278893285e+02
-3.267140805006828828e+02
-3.236343583564172377e+02
-3.206477401942192955e+02
-3.259855234274895679e+02
-3.241132819831906886e+02
-3.319013334721359456e+02
-3.235410987620824130e+02
-3.239466373632953378e+02
-3.223536234513965155e+02
-3.248062120183728325e+02
-3.252791472040569261e+02
-3.288973305440144941e+02
-3.229687561031243490e+02
-3.236521110939718824e+02
-3.208777917192060727e+02
-3.269843393279868451e+02
-3.239310123117609805e+02
-3.207761078530067493e+02
-3.229061608810344524e+02
-3.228704661114137480e+02
-3.219088689624969675e+02
-3.213815017931811440e+02
-3.225087140146648608e+02
-3.224169421570138638e+02
-3.245440782641369424e+02
-3.267628473763912780e+02
-3.251432657431957409e+02
-3.238389859606019741e+02
-3.255091438573041955e+02
-3.225078549637479455e+02
-3.228920215031415637e+02
-3.244824373738262011e+02
-3.231399168992833779e+02
-3.259997113956282533e+02
-3.248800745193622674e+02
-3.202578073246945678e+02
-3.242377169137055830e+02
-3.248250115578182999e+02
-3.272398185490818605e+02
-3.265469894890522937e+02
-3.251058400445388656e+02
-3.262412753737585263e+02
-3.258853906415650954e+02
-3.240755427035715002e+02
-3.259295899932225211e+02
-3.233071924730594446e+02
-3.203860148213137791e+02
-3.232744184014550228e+02
-3.250645958325027891e+02
-3.272803729020681658e+02
-3.226813795820627888e+02
-3.220304268444580202e+02
-3.255743091600055550e+02
-3.375038684111704015e+02
-3.222935527327953196e+02
-3.227735902123392862e+02
-3.231402855727079668e+02
-3.184903711738093648e+02
-3.237162446548557568e+02
-3.249999557574554387e+02
-3.253212067124255782e+02
-3.351370103674391316e+02
-3.210867242089141200e+02
-3.244705776987345871e+02
-3.189776941621033757e+02
-3.233049433075652246e+02
-3.231326204464937746e+02
-3.273494049438529601e+02
-3.242233787258505799e+02
-3.242033924704181800e+02
-3.246073081662466393e+02
-3.224146843669333293e+02
-3.206569489677635829e+02
-3.234589987720578961e+02
-3.215285944141111258e+02
-3.212420925307271773e+02
-3.223566789904872394e+02
-3.216123539362220640e+02
-3.233604582022460932e+02
-3.249434745886545670e+02
-3.219150135328470697e+02
-3.272252299659454593e+02
-3.204029756253343066e+02
-3.225675946580821574e+02
-3.244395132701205853e+02
-3.252289586516987470e+02
-3.295873221254552163e+02
-3.209801007079507826e+02
-3.231046432686459298e+02
-3.227096931513837603e+02
-3.290954969386922357e+02
-3.227378321349540329e+02
-3.266037270933612717e+02
-3.229695735677647690e+02
-3.228323803275900445e+02
-3.267931530697478024e+02
-3.222298740697250992e+02
-3.241905593574800832e+02
-3.235893741107161077e+02
-3.239934409751037379e+02
-3.240467513461593967e+02
-3.219606771041659385e+02
-3.257909761940078397e+02
-3.198118187764197273e+02
-3.214630294104603081e+02
-3.233309534527518849e+02
-3.239417890372433249e+02
-3.262626072080208814e+02
-3.216910694382727343e+02
-3.259193802389568191e+02
-3.267662843388920919e+02
-3.263823007661432030e+02
-3.254212361480287541e+02
-3.263698565979005934e+02
-3.217389427242462716e+02
-3.220011148674437891e+02
-3.249916491294910088e+02
-3.229280220700991890e+02
-3.217788330366872742e+02
-3.224506883613867103e+02
-3.231005147184750399e+02
-3.210612632359718646e+02
-3.237391064415822939e+02
-3.213473126944307978e+02
-3.225835186082261998e+02
-3.254541163230815073e+02
-3.235917223264148674e+02
-3.221693251339738140e+02
-3.223918378089092585e+02
-3.262570512909317131e+02
-3.215226633557628588e+02
-3.261510541427603584e+02
-3.194432314299722862e+02
-3.224202735269268487e+02
-3.218417232929440388e+02
-3.211854133517599053e+02
-3.227349723478765782e+02
-3.254979794586416233e+02
-3.212245020219611433e+02
-3.253495227819979618e+02
-3.279564340541410274e+02
-3.213242800540729149e+02
-3.251718611758761313e+02
-3.219421267872380668e+02
-3.365586614407648085e+02
-3.228422967673100175e+02
-3.239263041059737134e+02
-3.215700590503580543e+02
-3.192155479757876719e+02
-3.206289663264853402e+02
-3.224259757299827243e+02
-3.243230370184074900e+02
-3.265514285646418102e+02
-3.262768384117231903e+02
-3.395758941938923954e+02
-3.261921418521577607e+02
-3.235448443546728186e+02
-3.248281351350128716e+02
-3.268607004401514473e+02
-3.218903332490343701e+02
-3.221689613450437264e+02
-3.245728178470245666e+02
-3.220018499041092355e+02
-3.208478413006648680e+02
-3.217611447665651667e+02
-3.243731159051924919e+02
-3.227601072892349521e+02
-3.236725755853576629e+02
-3.249246577411954036e+02
-3.232559654644404645e+02
-3.217679039361695459e+02
-3.222552818840513851e+02
-3.274944175862010525e+02
-3.213246997383029679e+02
-3.219335979478643708e+02
-3.241701641794975899e+02
-3.236370047796860945e+02
-3.235118309836250319e+02
-3.416622631649680102e+02
-3.241583485323796481e+02
-3.240675299752135743e+02
-3.237510540157927039e+02
-3.253353394415574940e+02
-3.225090750479606641e+02
-3.229107487056092509e+02
-3.210393425747513447e+02
-3.299606456506887753e+02
-3.183661376968706236e+02
-3.225703000420552371e+02
-3.235375084278543909e+02
-3.215257258915360126e+02
-3.383286620173462893e+02
-3.256443331966950154e+02
-3.264920530674755241e+02
-3.228393029299011232e+02
-3.244918828327779465e+02
-3.239146384079036807e+02
-3.278463092521203635e+02
-3.229382262540136139e+02
-3.228301679614304476e+02
-3.233760113568149563e+02
-3.209663266282491918e+02
-3.211780779857403445e+02
-3.219805996958637024e+02
-3.222595850926421690e+02
-3.270503822053680096e+02
-3.279299596079504227e+02
-3.265022456276951743e+02
-3.228199326809949525e+02
-3.245411084972676576e+02
-3.234594838265317662e+02
-3.207459978941698182e+02
-3.199210754809986383e+02
-3.244313038375735800e+02
-3.215510021367433637e+02
-3.241757919474061964e+02
-3.256706550393326438e+02
-3.208478371126608977e+02
-3.225827476207671793e+02
-3.203166493756244790e+02
-3.228376304227015225e+02
-3.231241824780132106e+02
-3.227568315190722501e+02
-3.315053171845268594e+02
-3.238689650885708033e+02
-3.258954861412497053e+02
-3.259309062962761345e+02
-3.224870674087300131e+02
-3.255755167579624754e+02
-3.205697219623303340e+02
-3.232162169315398046e+02
-3.406553096891209407e+02
-3.251474583307784201e+02
-3.229486418124711236e+02
-3.241261302795653592e+02
-3.221189952442466620e+02
-3.252055327383794747e+02
-3.306802864975996954e+02
-3.222282495856013611e+02
-3.257664417834660071e+02
-3.244814392330507644e+02
-3.276002061138933641e+02
-3.207159068922485403e+02
-3.238216500861443023e+02
-3.259978398517113192e+02
-3.232753114467806768e+02
-3.206212325490220110e+02
-3.223651961019779151e+02
-3.237718167125626110e+02
-3.221592682079580072e+02
-3.192846116969708419e+02
-3.241070998310369760e+02
-3.198135389407484013e+02
-3.264746610980779451e+02
-3.239100676349227115e+02
-3.266349297407506924e+02
-3.211863329015435511e+02
-3.220946663701037096e+02
-3.227631792620694569e+02
-3.250287013727374870e+02
-3.214083803265045276e+02
-3.235503422083311307e+02
-3.229146409643000197e+02
-3.222021711052278192e+02
-3.224049731398687300e+02
-3.233365594831779504e+02
-3.266263762657003440e+02
-3.264187613272795261e+02
-3.224816480296558439e+02
-3.318863644014597867e+02
-3.235767011842428360e+02
-3.224007305433214015e+02
-3.242521644009594297e+02
-3.243805336956099836e+02
-3.243519299333161143e+02
-3.224443647210482595e+02
-3.209670768960982628e+02
-3.216947068840397606e+02
-3.225620010567718055e+02
-3.207577345662339781e+02
-3.224917052588474462e+02
-3.208693204723592771e+02
-3.233502155380164140e+02
-3.265730553439328219e+02
-3.247044758581633914e+02
-3.241039326505318741e+02
-3.246275726173673775e+02
-3.231921758936322817e+02
-3.255296779470786532e+02
-3.234856611950468164e+02
-3.222603667862073848e+02
-3.246725613662148362e+02
-3.218820927699561594e+02
-3.253396116398732829e+02
-3.245080794401022786e+02
-3.201720093511171399e+02
-3.205260256426157071e+02
-3.233464177601541110e+02
-3.230555002826000646e+02
-3.273612010020933667e+02
-3.327308091506836263e+02
-3.245956247280689126e+02
-3.261487757391079185e+02
-3.222736471802346614e+02
-3.231992351531582699e+02
-3.368183933230998264e+02
-3.202722691311269614e+02
-3.230581421980008372e+02
-3.251771170261077941e+02
-3.265301820686585188e+02
-3.234795693088007624e+02
-3.230983980416967825e+02
-3.211923072966856694e+02
-3.243059506963058425e+02
-3.219223011423680987e+02
-3.208768084630247586e+02
-3.305895658793772327e+02
-3.240542095417750943e+02
-3.210402763105010990e+02
-3.231758660448061278e+02
-3.226633195874625812e+02
-3.255903075806747324e+02
-3.245205378025030996e+02
-3.268143093881485584e+02
-3.285050739627419603e+02
-3.233062374853031997e+02
-3.253714356534541707e+02
-3.237504654349727389e+02
-3.235758675640943238e+02
-3.266182299976791228e+02
-3.267999053514542993e+02
-3.225730377975437477e+02
-3.273742598990345982e+02
-3.246129206236172422e+02
-3.254051191157744825e+02
-3.220232574639724135e+02
-3.254729380635027383e+02
-3.233563432916843112e+02
-3.283748018617575326e+02
-3.217166033020009763e+02
-3.201140329168222820e+02
-3.242198412353558297e+02
-3.239993493458794660e+02
-3.229435254252257437e+02
-3.236366951010920161e+02
-3.207349152763191569e+02
-3.223677018331395061e+02
-3.233020159932774504e+02
-3.227400017996303632e+02
-3.238751728105885377e+02
-3.226988623554554465e+02
-3.219541406012605762e+02
-3.229437166001130777e+02
-3.205456823746976056e+02
-3.213059005328284456e+02
-3.219598142160970156e+02
-3.218519144468803006e+02
-3.186811970900020583e+02
-3.225794295113037151e+02
-3.234897990923622615e+02
-3.271249842273790023e+02
-3.205550105623241279e+02
-3.239875153055712644e+02
-3.267324903027241589e+02
-3.256395449311879702e+02
-3.237676557079058739e+02
-3.254182305154821506e+02
-3.210825895015866536e+02
-3.212663469022506320e+02
-3.238729344854872352e+02
-3.261088811761408692e+02
-3.268033953023020786e+02
-3.224117579395518760e+02
-3.235340857354663626e+02
-3.227229555615369918e+02
-3.254486534646501354e+02
-3.244010669009694539e+02
-3.244150380521293187e+02
-3.231388908908553503e+02
-3.224292079287686192e+02
-3.234810182867323647e+02
-3.265060918666551970e+02
-3.203116492503734207e+02
-3.240539903249733698e+02
-3.214339584694356518e+02
-3.246532417718897250e+02
-3.235962889106256171e+02
-3.257976910678445961e+02
-3.258523506223021400e+02
-3.233324494369152262e+02
-3.196653797389723195e+02
-3.256934687698299058e+02
-3.241422899055507969e+02
-3.204476124170984122e+02
-3.215541751427081181e+02
-3.261352335527101332e+02
-3.240718375533269295e+02
-3.229074137312579751e+02
-3.254790151781135137e+02
-3.226732026789299539e+02
-3.263320879357868307e+02
-3.296913013825484313e+02
-3.257239501773830739e+02
-3.207965856283200310e+02
-3.270471142522518448e+02
-3.259243759693343918e+02
-3.233305279932516214e+02
-3.260803557114608111e+02
-3.288776525886141826e+02
-3.242367783515967403e+02
-3.231194925641576674e+02
-3.251442214210391057e+02
-3.248026614044572398e+02
-3.238676187230976211e+02
-3.194214167708872765e+02
-3.201661372832426196e+02
-3.220234220804085794e+02
-3.210083511007617290e+02
-3.217143707576810812e+02
-3.212882314375100918e+02
-3.192609559441181091e+02
-3.233339251464776112e+02
-3.277898030932583424e+02
-3.247838982348753234e+02
-3.229607779076519591e+02
-3.233477278685314786e+02
-3.260770166272640154e+02
-3.253400478576522801e+02
-3.226259504329605079e+02
-3.241445520307921697e+02
-3.243171978444456727e+02
-3.245350443785896459e+02
-3.242905908223445977e+02
-3.222405850684398843e+02
-3.215136176265680774e+02
-3.299161808423348248e+02
-3.222989091872511835e+02
-3.231842751443014095e+02
-3.213690079098223009e+02
-3.229595006059032016e+02
-3.255897845146242844e+02
-3.222422890456111872e+02
-3.239983254825380072e+02
-3.223531445911162905e+02
-3.216771603524695138e+02
-3.260019855900978882e+02
-3.233010983163655965e+02
-3.209373927960231185e+02
-3.204861055856617895e+02
-3.259298287178296505e+02
-3.242345648957572166e+02
-3.246918780581978581e+02
-3.228435694835101231e+02
-3.229151026898908299e+02
-3.278148676701026716e+02
-3.244136000787196394e+02
-3.301659335176744321e+02
-3.230432200820042681e+02
-3.203977541785160383e+02
-3.156717391090787146e+02
-3.203858304891326725e+02
-3.237287197864224026e+02
-3.222916213329929178e+02
-3.223127402678173894e+02
-3.215572048683255844e+02
-3.243685924310345854e+02
-3.221849300963202722e+02
-3.238138752354591929e+02
-3.253973398125993981e+02
-3.264146253306852827e+02
-3.220703129509294058e+02
-3.251472373815530545e+02
-3.225211685965380184e+02
-3.234971508576934980e+02
-3.215157990948328006e+02
-3.230851311258699639e+02
-3.245838025517412007e+02
-3.233602812258230870e+02
-3.239842322344852050e+02
-3.246456304408383744e+02
-3.246351821104978512e+02
-3.218114303855581966e+02
-3.229849366527080292e+02
-3.220519337425181448e+02
-3.259717496529137861e+02
-3.282953649096043023e+02
-3.268154361101073846e+02
-3.252182696395017842e+02
-3.250417640916531354e+02
-3.199512942954272603e+02
-3.309484311083717785e+02
-3.267855234853266779e+02
-3.195303248082667551e+02
-3.255013798376421619e+02
-3.212479207010355253e+02
-3.220279998561084653e+02
-3.208828267736976159e+02
-3.244967587053139937e+02
-3.254554303105531403e+02
-3.228069269307005698e+02
-3.247588944939529938e+02
-3.179850618353996197e+02
-3.195374298077774711e+02
-3.201560449031569533e+02
-3.250524680899956707e+02
-3.215868192234356115e+02
-3.252163035363524273e+02
-3.249427502787531239e+02
-3.293694212748861219e+02
-3.265160571530964262e+02
-3.211577121390523644e+02
-3.259665355848032391e+02
-3.209908444748065790e+02
-3.241293573880120675e+02
-3.249374432688334764e+02
-3.220366232940327791e+02
-3.213711624476449629e+02
-3.179256258879801180e+02
-3.242287779827507279e+02
-3.275214417782167402e+02
-3.256857217201015828e+02
-3.280684242415387075e+02
-3.310601858910735587e+02
-3.223827270528151416e+02
-3.243898178328844892e+02
-3.272042459028324402e+02
-3.254053834660140865e+02
-3.236554396064285584e+02
-3.219621488604298065e+02
-3.236421363509236926e+02
-3.263566499006826689e+02
-3.218707993070564726e+02
-3.218980220564461661e+02
-3.264892371827347688e+02
-3.229375228360238452e+02
-3.245352114261273755e+02
-3.239478621863955823e+02
-3.227624371849216232e+02
-3.228221155474850548e+02
-3.237711818786443132e+02
-3.216236702141430897e+02
-3.225634505621445669e+02
-3.218028401581970002e+02
-3.231911175356011654e+02
-3.223283234692968335e+02
-3.226919136180024452e+02
-3.189245604435855626e+02
-3.227504767189051904e+02
-3.249005644054612389e+02
-3.253788789011008475e+02
-3.243001359407938935e+02
-3.222311651934548422e+02
-3.239371496953813221e+02
-3.246418254865463950e+02
-3.261460497648030810e+02
-3.203821599309264911e+02
-3.241251674461497032e+02
-3.223470351971163836e+02
-3.255753115479498661e+02
-3.238339083168234538e+02
-3.246190436239574524e+02
-3.240238100969924062e+02
-3.251055978716628374e+02
-3.211470241600749205e+02
-3.259207599426389379e+02
-3.259562697339665647e+02
-3.240097114648214642e+02
-3.209456171865699616e+02
-3.240371021390718624e+02
-3.244980863397702819e+02
-3.209337641165143964e+02
-3.239323270132545645e+02
-3.219976445702646970e+02
-3.183616167124074536e+02
-3.256101440200386605e+02
-3.239348176474437082e+02
-3.218731412057912280e+02
-3.244628193465147206e+02
-3.245413825159213275e+02
-3.312034826390946591e+02
-3.214673976364425698e+02
-3.195621959000740162e+02
-3.233950061774961569e+02
-3.267184950993377015e+02
-3.276803194418187104e+02
-3.247959993026453844e+02
-3.262418833851002660e+02
-3.220368468320087345e+02
-3.265224983120999696e+02
-3.243397240039017788e+02
-3.268195720442649872e+02
-3.228141028157061214e+02
-3.235800315543001489e+02
-3.241186768611331672e+02
-3.208040651004125721e+02
-3.191049997962416001e+02
-3.245932537376663731e+02
-3.283090846502200293e+02
-3.253738107799281352e+02
-3.228727407223046271e+02
-3.213335468195076032e+02
-3.227230396447487237e+02
-3.226944204266248448e+02
-3.217597629840267359e+02
-3.242906337224577555e+02
-3.243090780296795401e+02
-3.225551444368870762e+02
-3.190955599973087828e+02
-3.219865334824573324e+02
-3.280453442630049494e+02
-3.217728007205641347e+02
-3.237114434920281383e+02
-3.222651727837770181e+02
-3.255242027777285898e+02
-3.239107932223024022e+02
-3.228508816350157531e+02
-3.229417561505534309e+02
-3.237795349545831982e+02
-3.231487320077393406e+02
-3.187164607467577753e+02
-3.252800971564636257e+02
-3.231923562650737267e+02
-3.241938824135852428e+02
-3.242315164178762075e+02
-3.234620084351843730e+02
-3.257615013725454105e+02
-3.256593241030777790e+02
-3.228370450247726353e+02
-3.224619323019206263e+02
-3.252323134791815846e+02
-3.258614438992291298e+02
-3.216871725631586969e+02
-3.226756219618426940e+02
-3.242080089975459032e+02
-3.255201447699982964e+02
-3.248306996102790549e+02
-3.246135378449969835e+02
-3.345263582139132836e+02
-3.221429417040224621e+02
-3.251047196920482065e+02
-3.216505856818540678e+02
-3.213028156223457472e+02
-3.285394605147361062e+02
-3.218981975855028281e+02
-3.251673737143127028e+02
-3.216133689599755598e+02
-3.298761097075968678e+02
-3.228249998420523070e+02
-3.219127923794092112e+02
-3.212597889304011005e+02
-3.228339726577939359e+02
-3.214320561767592608e+02
-3.244790421704030905e+02
-3.251193633133786989e+02
-3.204478214542485830e+02
-3.228552442955082142e+02
-3.237178326909037764e+02
-3.231510222949039530e+02
-3.207943585749781050e+02
-3.237354983611568855e+02
-3.244584234683941872e+02
-3.225937585772883835e+02
-3.253112732129897609e+02
-3.212136973777322737e+02
-3.274346591517435172e+02
-3.214819265461466671e+02
-3.232213657585107853e+02
-3.233653555410852505e+02
-3.243098694984181520e+02
-3.252050618608686818e+02
-3.252321624217996145e+02
-3.253015252188309887e+02
-3.199484899311008803e+02
-3.229247238561421227e+02
-3.276533779770514343e+02
-3.243798603530385094e+02
-3.264984188254778132e+02
-3.268655223675964976e+02
-3.267189413609223720e+02
-3.241226060113287417e+02
-3.226417137901647152e+02
-3.230281735901551201e+02
-3.225610568529871216e+02
-3.240991172572681194e+02
-3.251805952082848989e+02
-3.198365592619245490e+02
-3.241885338961332650e+02
-3.294901112361995956e+02
-3.221277202726214455e+02
-3.222686617317693845e+02
-3.224710288524969997e+02
-3.237055107836419552e+02
-3.243037475346158658e+02
-3.207345449241287270e+02
-3.263935907503516205e+02
-3.225447316413994372e+02
-3.237670323234939929e+02
-3.209175688538712734e+02
-3.260091015670566321e+02
-3.248483814643827827e+02
-3.233525468028407204e+02
-3.230146223458567647e+02
-3.222783671051547572e+02
-3.205590415658781467e+02
-3.263254937340358310e+02
-3.215944291660872523e+02
-3.233437276438845629e+02
-3.237360465374646310e+02
-3.200481811316806215e+02
-3.202286142074888176e+02
-3.259623126731079878e+02
-3.270955318843695068e+02
-3.230034357197496888e+02
-3.194541953925129860e+02
-3.246431322430524915e+02
-3.210767648462727948e+02
-3.244973524362355874e+02
-3.264522215458441678e+02
-3.259856452802054605e+02
-3.211167135767973377e+02
-3.225181662679668761e+02
-3.223500635193466906e+02
-3.199618095787497509e+02
-3.231796825806204083e+02
-3.247650691735788087e+02
-3.246914166402651176e+02
-3.273699915630171517e+02
-3.188704371003109941e+02
-3.210985755883774573e+02
-3.268980063521479451e+02
-3.233565842986074017e+02
-3.236784215605097188e+02
-3.246005808595000417e+02
-3.295075422868270039e+02
-3.193269147375491457e+02
-3.216641900220919297e+02
-3.220685860572015713e+02
-3.228208365723739917e+02
-3.242184054974276819e+02
-3.226308046423079077e+02
-3.215357498078408298e+02
-3.201186317597924926e+02
-3.248015980461984213e+02
-3.218757988093269091e+02
-3.193266758834028565e+02
-3.227252706434148308e+02
-3.246932541203532310e+02
-3.272627360630158364e+02
-3.212381154060290100e+02
-3.279158572443855064e+02
-3.231824637437528622e+02
-3.231813306878089520e+02
-3.254705814303909506e+02
-3.208205537979987412e+02
-3.209197434214312352e+02
-3.270723867684666857e+02
-3.222252950784190944e+02
