Model: alpha
Real logL: -52.13510659876689
Mean sim logL: -52.58001848959699
Std sim logL: 7.59098931007577
Delta TS: 0.44491189083009886
Significance: 0.058610527910973695 sigma
TS_sim array:
-5.056549423758215056e+01
-4.682033380207644768e+01
-5.123889757136176115e+01
-4.568556340069865485e+01
-5.510141469403967562e+01
-5.497914740763224728e+01
-6.068139440289338893e+01
-4.226241771157575755e+01
-3.845806712339516764e+01
-6.143167312525379486e+01
-5.003529793691925676e+01
-4.168462160425698215e+01
-5.818124566094389394e+01
-5.645256812299553673e+01
-4.421141597921744903e+01
-5.414112509201728329e+01
-5.639209958012467894e+01
-5.200292883585797199e+01
-4.908755754628403878e+01
-5.397439270013960311e+01
-3.477205573974196540e+01
-5.420237214220492916e+01
-5.447887608921273994e+01
-5.376390427172646014e+01
-5.782247050787101017e+01
-5.341469199473935703e+01
-5.692562099289838784e+01
-4.801208146229701867e+01
-4.667652576992969671e+01
-5.365990091953354124e+01
-5.778006189153869343e+01
-4.837691172051784605e+01
-5.352815618511505136e+01
-4.014457205755635982e+01
-5.242515559325622121e+01
-6.448994984832468447e+01
-5.435300794655879031e+01
-5.404070044148637209e+01
-6.009654238787404523e+01
-5.857829604777019483e+01
-5.509598870972143914e+01
-5.498397145183615464e+01
-4.888894367418986064e+01
-5.385462657395092378e+01
-5.730799735145905061e+01
-6.165737867438298281e+01
-5.181424181443305343e+01
-3.910733635705172873e+01
-5.641903516697876597e+01
-6.869502319730158035e+01
-5.119075164484046780e+01
-3.103812499807019876e+01
-4.766503224022319785e+01
-6.073302314842254646e+01
-5.950607078470938660e+01
-4.742602390670143819e+01
-4.814739238476673222e+01
-4.637602222190832890e+01
-6.690147253249206472e+01
-4.677776964812438365e+01
-5.962773244172146292e+01
-4.526963765341136536e+01
-5.798044540802838043e+01
-5.479907382175627362e+01
-5.120517716744256376e+01
-5.009970680680929433e+01
-4.567327735242430009e+01
-6.015737054217286328e+01
-5.690945146608645899e+01
-6.312819137461844576e+01
-4.045077431511405308e+01
-4.952830132794981921e+01
-5.233427195164387058e+01
-6.294902421871443465e+01
-5.460009258752636185e+01
-4.932289173769474644e+01
-6.063632616584695256e+01
-6.078487768323622475e+01
-6.470595719477255159e+01
-4.562901795254217063e+01
-5.022616351374246335e+01
-3.925983191262012184e+01
-5.170684585285412993e+01
-4.123010619672319166e+01
-5.246420653631119535e+01
-4.590920276830583191e+01
-4.230974610199490371e+01
-3.861425515381311868e+01
-5.813377948893836589e+01
-5.678547313678510022e+01
-4.508706423970819799e+01
-7.004908927891359838e+01
-6.444553155686725177e+01
-5.929275510796306037e+01
-5.906892605432304322e+01
-6.084875260652734141e+01
-4.319651099782588943e+01
-5.390623527979281704e+01
