Model: gaussian
Real logL: -63.22729320345396
Mean sim logL: -47.61284646258183
Std sim logL: 7.216941851266227
Delta TS: -15.614446740872133
Significance: -2.163582174093941 sigma
TS_sim array:
-5.639883858181493537e+01
-5.214806534683103223e+01
-5.522139799122957271e+01
-4.445010606007672749e+01
-4.752876317181195986e+01
-4.003029337141504129e+01
-4.831213497075859920e+01
-4.582885763301290183e+01
-4.050895711164844215e+01
-5.584653495195098571e+01
-6.156090712471423387e+01
-4.426464590821160527e+01
-6.003008083103765813e+01
-3.507655563483439209e+01
-3.514236503787514465e+01
-3.399320481544144457e+01
-4.396256470497528568e+01
-4.634070677515246217e+01
-4.339972447977868342e+01
-6.174094195001428886e+01
-4.492979506292529379e+01
-4.703907914195699647e+01
-4.953404791169479182e+01
-3.995781667716372709e+01
-5.010761171935065050e+01
-5.272148080940068837e+01
-4.749461947006896878e+01
-6.107592269205841262e+01
-4.669746665092774407e+01
-6.167801117254650478e+01
-4.660777194521561029e+01
-5.197816615247065641e+01
-3.922767325200822341e+01
-4.345446096440284123e+01
-4.335249433180138823e+01
-4.269875269982956922e+01
-3.658441860347887342e+01
-4.803544555550578110e+01
-4.370207692904801888e+01
-3.939315697949199091e+01
-5.124913126177954581e+01
-4.131252734543401317e+01
-4.136959775106099357e+01
-4.929117108370815004e+01
-4.840567203909483140e+01
-6.071897674269276024e+01
-4.573349800760832551e+01
-4.538338677056050585e+01
-4.315983689007020985e+01
-3.940260308617291685e+01
-4.387525096102128686e+01
-4.969558188867149084e+01
-4.912182229303112280e+01
-4.400973486976887017e+01
-5.661249319409740366e+01
-5.069396523397642795e+01
-5.314348973005513699e+01
-5.568390395156634298e+01
-4.907262157652817791e+01
-4.269747652503245661e+01
-4.349389416179544554e+01
-3.853253861897057675e+01
-6.277824024167855299e+01
-3.643218755018779120e+01
-5.346103549299346014e+01
-4.497373835628250305e+01
-5.792768599925486939e+01
-5.102542407403327474e+01
-3.950274616639229208e+01
-5.461389148279037897e+01
-4.204758663650979855e+01
-4.560944796534995760e+01
-3.749248503255891762e+01
-5.388999165539604519e+01
-5.055929712558822331e+01
-4.276849597900299216e+01
-5.183045485526142215e+01
-4.953885016741156733e+01
-4.128346903898900422e+01
-4.932399682441891287e+01
-5.546932681741480309e+01
-4.334666725762390627e+01
-3.667076649239086095e+01
-4.130113091381339530e+01
-5.013111307811740147e+01
-4.995824778245948750e+01
-5.600522460850388740e+01
-4.431097526663047859e+01
-4.489136363563820709e+01
-5.810778516283931339e+01
-4.067627211924403952e+01
-5.352856655029655286e+01
-5.136459385636560881e+01
-4.674244080306205262e+01
-4.643242944989188459e+01
-5.949842069342307127e+01
-4.070105356637108684e+01
-6.823979218885008891e+01
-4.183442454764743701e+01
-3.629993766687068302e+01
