Model: gaussian
Real logL: -1104.578350039126
Mean sim logL: -1598.9638164430378
Std sim logL: 11.843012891454636
Delta TS: 494.3854664039118
Significance: 41.74490654828529 sigma
TS_sim array:
-1.601425734928255906e+03
-1.578684004179768635e+03
-1.611411550664953211e+03
-1.596658105664556388e+03
-1.605768303401156800e+03
-1.598020653247841437e+03
-1.584421874177574409e+03
-1.579388381425399530e+03
-1.608090828401984027e+03
-1.563478174590225080e+03
-1.582398931332033499e+03
-1.594114301292447408e+03
-1.606831358904181798e+03
-1.585721582315014075e+03
-1.626741666337373317e+03
-1.568844768788024794e+03
-1.594133582147310563e+03
-1.608873902304824014e+03
-1.601090253820630551e+03
-1.608139804463934524e+03
-1.583858660038967628e+03
-1.593275376229326866e+03
-1.590530766388050324e+03
-1.605833598600234382e+03
-1.591163186798617971e+03
-1.609912031001833384e+03
-1.590584541289237450e+03
-1.591289903750137228e+03
-1.585200093744042078e+03
-1.609969758680176483e+03
-1.581915413931249532e+03
-1.594821417930395910e+03
-1.591078587333015548e+03
-1.585989837407382311e+03
-1.588131571670714493e+03
-1.584434150224863970e+03
-1.595328652560242972e+03
-1.586111954179489203e+03
-1.594809818578136401e+03
-1.580543724439054131e+03
-1.606051230447889793e+03
-1.594778832682624852e+03
-1.585031023737465148e+03
-1.607692648755897608e+03
-1.586808731153111239e+03
-1.614782212134758311e+03
-1.603969148192771854e+03
-1.597840806780076946e+03
-1.592197319023828186e+03
-1.596416566786245312e+03
-1.592224117640556869e+03
-1.585737181807877732e+03
-1.585909151744814153e+03
-1.584944450764260637e+03
-1.597284505785847159e+03
-1.583198434965231854e+03
-1.608133843815126966e+03
-1.608077388193540173e+03
-1.612010600585616430e+03
-1.607398036138887619e+03
-1.591042237181099608e+03
-1.603683224835093824e+03
-1.574225833058106673e+03
-1.623324733575770551e+03
-1.597094458694726200e+03
-1.580373538894370085e+03
-1.608571120987265658e+03
-1.603762408516653068e+03
-1.603634415417175660e+03
-1.604839912340780529e+03
-1.618327154355042694e+03
-1.596867644397599406e+03
-1.596716708941463821e+03
-1.599367383058072846e+03
-1.603243841964565490e+03
-1.609660294859776286e+03
-1.601344526307738306e+03
-1.585751633211808894e+03
-1.601282997391269873e+03
-1.593981538617926617e+03
-1.588789644492976322e+03
-1.591319689216213646e+03
-1.603197769228250991e+03
-1.586569553337106981e+03
-1.597361969341299528e+03
-1.599462145353371852e+03
-1.604667964033938688e+03
-1.594042791471646751e+03
-1.623411643961291020e+03
-1.622082410941035960e+03
-1.602555838885658204e+03
-1.581563209516168854e+03
-1.623304080513102235e+03
-1.602055898570161617e+03
-1.573462946227208704e+03
-1.619612286903855420e+03
-1.606397288106292763e+03
-1.596854684914964309e+03
-1.608053017103236016e+03
-1.592866909539427525e+03
-1.619483002340627536e+03
-1.595509944991550128e+03
-1.588331332945310351e+03
-1.608920075828641302e+03
-1.615623793244749322e+03
-1.595045409955304422e+03
-1.589703720188195348e+03
-1.602079340962229708e+03
-1.613738122695609036e+03
-1.602650597049106636e+03
-1.602907035236808952e+03
-1.597333801471493871e+03
-1.603201214571054152e+03
-1.587515696766221026e+03
-1.607820332352478090e+03
-1.598790978817076393e+03
-1.611040455755432504e+03
-1.588491895028681938e+03
-1.607957755257697499e+03
-1.592623389436631669e+03
-1.606329882439516950e+03
-1.603959451651209065e+03
-1.591205704919216259e+03
-1.613437550154705605e+03
-1.586326566215066578e+03
-1.613216951370479819e+03
-1.598761186094171762e+03
-1.594495093724995968e+03
-1.591131063989758331e+03
-1.608638276137634648e+03
-1.588264740191346391e+03
-1.582733234607406757e+03
-1.601364797017627552e+03
-1.585128153266986828e+03
-1.594553218489451638e+03
-1.616062997349734360e+03
-1.591656211658020766e+03
-1.616747221806080688e+03
-1.588501060596546722e+03
-1.610598863311951618e+03
-1.595480668621352379e+03
-1.608630438107597001e+03
-1.586429056699658759e+03
-1.594641086571676169e+03
-1.600859470154407745e+03
-1.594931004145827501e+03
-1.589167568137792841e+03
-1.586933590956653916e+03
-1.595677698583070651e+03
-1.628052175237349047e+03
-1.574926449616861646e+03
-1.594250898737383068e+03
-1.587168360918048165e+03
-1.594773637573638325e+03
-1.603957559803991444e+03
-1.591489838842400786e+03
-1.611891307213731579e+03
-1.587116303854036687e+03
-1.608676576490630850e+03
-1.611307806872771835e+03
-1.604449621000148227e+03
-1.597501728818934680e+03
-1.617109424081398174e+03
-1.602863090068344036e+03
-1.578176254306341889e+03
-1.592447183174616839e+03
-1.598546533924633650e+03
-1.602005351113420602e+03
-1.607735345542910181e+03
-1.596005315925915284e+03
-1.614578788840384959e+03
-1.607826934533908343e+03
-1.615842912796423207e+03
-1.602884680508632755e+03
-1.602108449020642638e+03
-1.608596794497482961e+03
-1.612929763813954878e+03
-1.597810947222413233e+03
-1.581267731196175646e+03
-1.590027588432509219e+03
-1.595265152942866735e+03
-1.599721475603799263e+03
-1.602587481908578411e+03
-1.615241485151706001e+03
-1.611160428054076192e+03
-1.596367192181229257e+03
-1.610879986806876559e+03
-1.590976128497769423e+03
-1.597927362973228583e+03
-1.593278599295737649e+03
-1.589264631591753869e+03
-1.598958383104095674e+03
-1.598471520590298951e+03
-1.617716029862628602e+03
-1.600776766312201744e+03
-1.609587369884305190e+03
-1.591308048672626910e+03
-1.610194912020564743e+03
-1.589445328624556851e+03
-1.609948042768926825e+03
-1.604931177545935498e+03
-1.591370269826429649e+03
-1.587419573622249118e+03
-1.596196466260161060e+03
-1.597674803352138724e+03
-1.604910310768357249e+03
-1.594021187518285387e+03
-1.600384940366518322e+03
-1.600267375673946390e+03
-1.564914313485649927e+03
-1.599414802009422829e+03
-1.594579408539199449e+03
-1.602419732440082953e+03
-1.574143033082595593e+03
-1.586844848266087865e+03
-1.602301980380716486e+03
-1.600881006073289655e+03
-1.586686471660586449e+03
-1.607037970594045873e+03
-1.582317936920549982e+03
-1.599921416768308291e+03
-1.586643677329150705e+03
-1.619452826733746406e+03
-1.616377899036645431e+03
-1.602404051663349946e+03
-1.585827943743143123e+03
-1.579506623910066537e+03
-1.607561482863266974e+03
-1.604491869571371353e+03
-1.603838748907590571e+03
-1.625434193844492711e+03
-1.590620605603719241e+03
-1.595598336604963379e+03
-1.608341249218447956e+03
-1.618535680328938724e+03
-1.599303997411639557e+03
-1.608048035475695315e+03
-1.620736120705111944e+03
-1.605236485896385602e+03
-1.609096380291480045e+03
-1.603635833110931344e+03
-1.616671797462906397e+03
-1.588607834063743212e+03
-1.612235806445527942e+03
-1.577423745371462246e+03
-1.590934961412616758e+03
-1.599048382928326646e+03
-1.592404220449769127e+03
-1.584672499278967734e+03
-1.588394146912310816e+03
-1.588588963304996469e+03
-1.588554400785505095e+03
-1.619238434546640747e+03
-1.580330808215172965e+03
-1.600580118184780758e+03
-1.596416254295129420e+03
-1.588005718809348764e+03
-1.596012063418149410e+03
-1.598217794242220634e+03
-1.575566392464918863e+03
-1.591477810243872682e+03
-1.590663592275973997e+03
-1.602780126574436281e+03
-1.591474424779900573e+03
-1.592556047393154586e+03
-1.574724125364715746e+03
-1.598055938881995417e+03
-1.576972190024394422e+03
-1.596095345052836592e+03
-1.601022643955377362e+03
-1.602572233617731172e+03
-1.594068097453987320e+03
-1.596828597343942647e+03
-1.578544325484831916e+03
-1.595727121967959192e+03
-1.601366405514526832e+03
-1.599662804860318374e+03
-1.615539343268042103e+03
-1.621491807598793002e+03
-1.593280682351459745e+03
-1.622422947837553920e+03
-1.603797859258172366e+03
-1.584747752194416080e+03
-1.615469798741495197e+03
-1.597393842081347884e+03
-1.605862253787416876e+03
-1.593577311488499845e+03
-1.591607507514331246e+03
-1.596524833948065179e+03
-1.596279236549674579e+03
-1.622905892280778289e+03
-1.570641061449926838e+03
-1.590869416526386431e+03
-1.608039355228722115e+03
-1.577621106188939393e+03
-1.592361739445844250e+03
-1.582268413461464434e+03
-1.595005379980745602e+03
-1.609191731426320757e+03
-1.611460035677459473e+03
-1.596984197250940497e+03
-1.583756559246536199e+03
-1.603407606887573365e+03
-1.584592795581612336e+03
-1.589172126769441547e+03
-1.609480571717231896e+03
-1.595974082526669235e+03
-1.626107524732075035e+03
-1.584901047121580405e+03
-1.595193065698311557e+03
-1.603977825166142111e+03
-1.595776808763666395e+03
-1.589340501798073547e+03
-1.602299949829950947e+03
-1.596221271942423982e+03
-1.600352473389899615e+03
-1.608848435852094326e+03
-1.608888347937644539e+03
-1.591987292709767871e+03
-1.611940773787369153e+03
-1.583552591972676964e+03
-1.599652645934695556e+03
-1.604864321913347339e+03
-1.603317172713432228e+03
-1.585966989079751784e+03
-1.588683328494030320e+03
-1.578779540336568061e+03
-1.577555501423207716e+03
-1.609402450800849010e+03
-1.582462821368998902e+03
-1.603173469502461103e+03
-1.596765550843156689e+03
-1.608215546334296732e+03
-1.603190478725672619e+03
-1.605252120040203408e+03
-1.597074729420080530e+03
-1.606664573990173949e+03
-1.588044471768733274e+03
-1.603074602199380024e+03
-1.577126179930747639e+03
-1.601250575106535507e+03
-1.605980011722697782e+03
-1.593292942074147959e+03
-1.602485120451529610e+03
-1.606358343590592312e+03
-1.594416466528606179e+03
-1.614822344720755382e+03
-1.590047579925047557e+03
-1.605902295720195070e+03
-1.618318564429516073e+03
-1.596096286289284762e+03
-1.587786253548374589e+03
-1.605960259531207384e+03
-1.589486144116838432e+03
-1.598605879320913118e+03
-1.561470982512246792e+03
-1.620177524249677845e+03
-1.586337988423330671e+03
-1.599602420744410210e+03
-1.606911326269767414e+03
-1.600927951722724856e+03
-1.589300952049491571e+03
-1.609837913289515427e+03
-1.581154326989688116e+03
-1.597616065146680739e+03
-1.588520741869244830e+03
-1.601707760182526727e+03
-1.614455011435571123e+03
-1.605219473641785953e+03
-1.592302717948719646e+03
-1.599994129146381738e+03
-1.608751217052223183e+03
-1.592904806979623118e+03
-1.614380122203579958e+03
-1.617874831275885981e+03
-1.600774941099541365e+03
-1.602139156730997001e+03
-1.613915760847429738e+03
-1.585341399977879746e+03
-1.602754304743340526e+03
-1.593651122027860538e+03
-1.616019676206257600e+03
-1.583866475202664105e+03
-1.602057069916444561e+03
-1.579251388080610241e+03
-1.596118996743276966e+03
-1.615824335449880436e+03
-1.626292705323561677e+03
-1.596727123369273158e+03
-1.594379082320553152e+03
-1.617907038478697814e+03
-1.591296220060756696e+03
-1.622145675219922168e+03
-1.586095108615919571e+03
-1.605102425286523157e+03
-1.618156521261902981e+03
-1.607769825314147511e+03
-1.587370679258582413e+03
-1.612968450184064295e+03
-1.601300875251493835e+03
-1.611010662308427300e+03
-1.617681293143726634e+03
-1.600251852620656337e+03
-1.588556891571746974e+03
-1.587422592885412541e+03
-1.637393595235369048e+03
-1.600533953914486119e+03
-1.620777289215872770e+03
-1.575554736581738325e+03
-1.601648611372459072e+03
-1.600765908930634396e+03
-1.614572672017580771e+03
-1.604813457847498739e+03
-1.598302459073802311e+03
-1.586119991041394542e+03
-1.585267014511589423e+03
-1.615171735170303464e+03
-1.612179350298918507e+03
-1.611679106787472847e+03
-1.589805318288175158e+03
-1.600704504367402478e+03
-1.573196673983324672e+03
-1.619543529917805927e+03
-1.577816717598589321e+03
-1.618896673761394595e+03
-1.612711513152646376e+03
-1.599821580189390716e+03
-1.596210071138070589e+03
-1.588893942130313462e+03
-1.601703345409933718e+03
-1.598619840528294162e+03
-1.607534937082493798e+03
-1.599630528759170829e+03
-1.592614520104172470e+03
-1.617063830622806108e+03
-1.600485129008461399e+03
-1.615800816464706259e+03
-1.608112411302587134e+03
-1.618877696749701045e+03
-1.595297159769056634e+03
-1.603384524732933869e+03
-1.613404859727106668e+03
-1.593483125360367922e+03
-1.589358947958091221e+03
-1.601735600442932991e+03
-1.578249456423277934e+03
-1.600926682104308384e+03
-1.603585968276264566e+03
-1.606694707504388134e+03
-1.602229862329342495e+03
-1.599515033556076560e+03
-1.593335940951585599e+03
-1.613471623179899325e+03
-1.590080518050585397e+03
-1.590440902623831334e+03
-1.581003090552307185e+03
-1.588594250609573464e+03
-1.589816979127861714e+03
-1.607805265712931941e+03
-1.576748954329889784e+03
-1.606887787343635864e+03
-1.583977951286063217e+03
-1.601274742601422531e+03
-1.594873354355033371e+03
-1.610046747672004358e+03
-1.586619975665159245e+03
-1.602571702395514876e+03
-1.565934127550833182e+03
-1.583250564160713111e+03
-1.587438176148751609e+03
-1.626309958417495636e+03
-1.605252991900250436e+03
-1.614473321727341727e+03
-1.603602287738977111e+03
-1.604393763105274047e+03
-1.579504627357123354e+03
-1.605172446062678318e+03
-1.597595995534841904e+03
-1.617407290379788492e+03
-1.601622559932363401e+03
-1.599642416994674932e+03
-1.595744976749137550e+03
-1.595371355841513378e+03
-1.603109587534424691e+03
-1.606206638725182984e+03
-1.593197365915430964e+03
-1.589192087550965425e+03
-1.604325435542287096e+03
-1.588025870629194742e+03
-1.583369803666450935e+03
-1.592801539026248292e+03
-1.586702749383292712e+03
-1.598977818826099337e+03
-1.590223115403507791e+03
-1.596948286399704557e+03
-1.594482383550493978e+03
-1.619799170613474416e+03
-1.599882223041593079e+03
-1.595602189630525800e+03
-1.606363364324992290e+03
-1.596311240257002510e+03
-1.603514326022994737e+03
-1.598327111731919331e+03
-1.604604418403269392e+03
-1.607098948043196970e+03
-1.601580998003237937e+03
-1.624739104014357054e+03
-1.603740830340501816e+03
-1.605735033261147464e+03
-1.588086467784912202e+03
-1.587670606130621991e+03
-1.597425711098100237e+03
-1.610848794833242891e+03
-1.606091253032747545e+03
-1.606617179109730841e+03
-1.592801869163706215e+03
-1.576779984999266389e+03
-1.591256814960728889e+03
-1.616768335037063935e+03
-1.594443869969406023e+03
-1.594092961715514321e+03
-1.586035378610235057e+03
-1.596624378615524847e+03
-1.596381760110074765e+03
-1.585676792554184431e+03
-1.603029716280128923e+03
-1.598010625052611886e+03
-1.592822628171901897e+03
-1.597271039615923655e+03
-1.595686524954882998e+03
-1.603479440199771034e+03
-1.601792866801320542e+03
-1.584854494646678177e+03
-1.594802842999753693e+03
-1.571725324050132258e+03
-1.595028848957029822e+03
-1.606936316494962739e+03
-1.617275911497363268e+03
-1.601779438269319144e+03
-1.593447574622811771e+03
-1.598673284570212900e+03
-1.602871158310993451e+03
-1.585066286494236010e+03
-1.588260210286685151e+03
-1.629817690913205752e+03
-1.602400972160088259e+03
-1.591688065528573134e+03
-1.593192713503915684e+03
-1.603589285952553837e+03
-1.611750259269469097e+03
-1.600540047166929980e+03
-1.582716599200471592e+03
-1.608148325128438046e+03
-1.567305373083334644e+03
-1.594197597168090851e+03
-1.584757300650205252e+03
-1.602040572902309577e+03
-1.594180227131949323e+03
-1.593732269845794463e+03
-1.607690394649789368e+03
-1.574581752947582572e+03
-1.607662093858583376e+03
-1.607439163445618306e+03
-1.582098383077183371e+03
-1.584944372489943134e+03
-1.574146634708369220e+03
-1.597438612365672498e+03
-1.593528919535533532e+03
-1.613470806277061911e+03
-1.610713177254056518e+03
-1.581884572209790349e+03
-1.596415509794039735e+03
-1.592864968554142706e+03
-1.597871128852968468e+03
-1.608875196060355393e+03
-1.564749255740875924e+03
-1.598882833192141106e+03
-1.622561051216302076e+03
-1.582362548679209567e+03
-1.592820951154175646e+03
-1.587846982759271668e+03
-1.612352691253126977e+03
-1.602184613894470203e+03
-1.608613489355606362e+03
-1.601488678256109779e+03
-1.598305478330478536e+03
-1.595027355978905689e+03
-1.606752199023040703e+03
-1.595117680825511798e+03
-1.605961597778077930e+03
-1.617100611547116387e+03
-1.586253384480175100e+03
-1.621775774001915806e+03
-1.589669409393454089e+03
-1.614055279781933450e+03
-1.602456292745318706e+03
-1.599776649806612113e+03
-1.618846881646464226e+03
-1.580161671438940175e+03
-1.583919609367697831e+03
-1.574064179398696979e+03
-1.606200478047957404e+03
-1.613467000712146046e+03
-1.595020773141503469e+03
-1.583470586718482082e+03
-1.596364945064444782e+03
-1.580553964345245731e+03
-1.618426428785456210e+03
-1.603428209382745081e+03
-1.600349992429145004e+03
-1.607684199484970122e+03
-1.593026409244951992e+03
-1.605194253600111097e+03
-1.585332886175076737e+03
-1.627708865098339174e+03
-1.600825761922100583e+03
-1.597381555852142810e+03
-1.588655409260667966e+03
-1.591545014870696832e+03
-1.600186269355278682e+03
-1.591417293537682326e+03
-1.603665454558743932e+03
-1.569797477029033871e+03
-1.608943647455737391e+03
-1.594921490168974742e+03
-1.604962251193290058e+03
-1.599508202797341710e+03
-1.583074844394706588e+03
-1.606049584739036391e+03
-1.618328436682600341e+03
-1.595033353421867332e+03
-1.575551021729526383e+03
-1.580706322505864136e+03
-1.615849267595398260e+03
-1.590057714325781717e+03
-1.590886754852469494e+03
-1.586608776305775791e+03
-1.607487298350389210e+03
-1.613571257207470808e+03
-1.609457399923862340e+03
-1.590099467051710917e+03
-1.620244316546471055e+03
-1.577414647049848327e+03
-1.603784179159942369e+03
-1.621554624314420607e+03
-1.600189778882376459e+03
-1.634701412470279138e+03
-1.595729613059799249e+03
-1.599984079207312561e+03
-1.614363897084705286e+03
-1.586480120249719675e+03
-1.609320563585720038e+03
-1.592245520846625823e+03
-1.596172442277139453e+03
-1.587623701797344893e+03
-1.612030161146172304e+03
-1.614541312725172247e+03
-1.605875354773839945e+03
-1.594642019823984356e+03
-1.602803182408519206e+03
-1.591896680421130895e+03
-1.631073633758473306e+03
-1.606807497960837281e+03
-1.573478255432778724e+03
-1.602707119761236754e+03
-1.583546841217769952e+03
-1.594116161184584371e+03
-1.602637410071612976e+03
-1.610789319640920439e+03
-1.615734243262348400e+03
-1.588217296574875490e+03
-1.619755542974426817e+03
-1.593804634977983824e+03
-1.591536693258609830e+03
-1.600765401928398660e+03
-1.585868832997244454e+03
-1.582498821595914706e+03
-1.605794445423010075e+03
-1.613693571120802517e+03
-1.603258893866928929e+03
-1.613989465704128406e+03
-1.608778768190185247e+03
-1.599358511503432510e+03
-1.581501054225072039e+03
-1.603304281400017544e+03
-1.620261439393428873e+03
-1.599688521757007948e+03
-1.591579704644363119e+03
-1.595086642412339188e+03
-1.616899292006284213e+03
-1.559988485213426657e+03
-1.594675524061938631e+03
-1.600587206675371135e+03
-1.607594623840218901e+03
-1.593067640417761368e+03
-1.599016038253176475e+03
-1.585956633338880692e+03
-1.590113993887929155e+03
-1.590615543811574298e+03
-1.611102767085260666e+03
-1.592260315862786911e+03
-1.597452791724551616e+03
-1.603305248291886301e+03
-1.604869649788150582e+03
-1.593403991088900511e+03
-1.600827490176586025e+03
-1.600627473308150456e+03
-1.604712364260773938e+03
-1.585964885878510358e+03
-1.606867922175937338e+03
-1.600000053313885928e+03
-1.606775104881413881e+03
-1.600597100933324782e+03
-1.598625199047005026e+03
-1.603085404045144742e+03
-1.607603655030787422e+03
-1.605128250299556385e+03
-1.605692657444069710e+03
-1.593796412703761462e+03
-1.606107163525622582e+03
-1.610418303999103500e+03
-1.611068226230440359e+03
-1.598282653901171898e+03
-1.588261478428514920e+03
-1.612168515947372953e+03
-1.595262022497981206e+03
-1.604649013448592768e+03
-1.629223892501405771e+03
-1.599701407369556136e+03
-1.613085451418930461e+03
-1.605600824540936628e+03
-1.591227659103855331e+03
-1.614278502448894415e+03
-1.605114623388978771e+03
-1.601476650005707825e+03
-1.596940445964074115e+03
-1.609763195640857703e+03
-1.602285179660552330e+03
-1.589947321447155900e+03
-1.595264036354890322e+03
-1.602417557853937524e+03
-1.573594164712679230e+03
-1.595435194156690159e+03
-1.604918971024256280e+03
-1.607002588105892755e+03
-1.607288614133684860e+03
-1.614550172476331682e+03
-1.591220024219822335e+03
-1.612664669639598060e+03
-1.594927618846237237e+03
-1.606727861870761444e+03
-1.595906555080791577e+03
-1.618624305628561387e+03
-1.607220991646834591e+03
-1.607970157400441394e+03
-1.596571951665573124e+03
-1.602828066911803944e+03
-1.608816807637403144e+03
-1.596113640579663297e+03
-1.602014074873978643e+03
-1.610743142854998041e+03
-1.586692385818076900e+03
-1.607944707826990452e+03
-1.594356609092424605e+03
-1.592957623291785694e+03
-1.617040632344396727e+03
-1.610514003704262677e+03
-1.613125103525580244e+03
-1.598378126732623741e+03
-1.614129564460560914e+03
-1.597106084399545125e+03
-1.602110119638624383e+03
-1.593836081920641163e+03
-1.581290098177988057e+03
-1.591935568730557407e+03
-1.595911557419811516e+03
-1.613895905074547272e+03
-1.614468623133956044e+03
-1.604683319617371808e+03
-1.606894163522685631e+03
-1.586020189417811025e+03
-1.616572782234907891e+03
-1.606684287295201102e+03
-1.583435836220123974e+03
-1.600850979040734956e+03
-1.592586465838167442e+03
-1.600601811804567660e+03
-1.593020284286619471e+03
-1.605368702379065780e+03
-1.592764409305307709e+03
-1.594868321126177761e+03
-1.559529804903312652e+03
-1.610662210209641216e+03
-1.603760054772073090e+03
-1.602024817929960818e+03
-1.623174602521495672e+03
-1.600534959479735335e+03
-1.611584152709709542e+03
-1.576049579766005536e+03
-1.585008013455388891e+03
-1.609035976300645416e+03
-1.591294336039670725e+03
-1.584634652591208578e+03
-1.612639978058762608e+03
-1.596322764031828683e+03
-1.577095513524543776e+03
-1.591423742644592039e+03
-1.600189372311847592e+03
-1.610677601720284201e+03
-1.604338641590097950e+03
-1.612681734622236036e+03
-1.597387285482954212e+03
-1.589197807642501630e+03
-1.595186818107050385e+03
-1.577292466555540614e+03
-1.612933415007247277e+03
-1.604437338038756707e+03
-1.610210891256205741e+03
-1.592273318953809166e+03
-1.593708611994527928e+03
-1.592293280140675733e+03
-1.588401803176551311e+03
-1.613524619882512752e+03
-1.600754586168701508e+03
-1.593457499092289709e+03
-1.596789952077097951e+03
-1.595171310240346429e+03
-1.612384320914744421e+03
-1.607159451904413345e+03
-1.613540433717243559e+03
-1.598467396968704634e+03
-1.602236258181840640e+03
-1.594715211630496469e+03
-1.610016181282520620e+03
-1.586577028158252460e+03
-1.603047532245883758e+03
-1.578791033580902877e+03
-1.615344733096520031e+03
-1.598421382849390284e+03
-1.591516793764682689e+03
-1.600301668632970632e+03
-1.601884982008196403e+03
-1.615563886936461586e+03
-1.585343068983278044e+03
-1.603185297846541744e+03
-1.590975741222517854e+03
-1.592452408632372681e+03
-1.590057431272957274e+03
-1.597846879512467694e+03
-1.606135019670534348e+03
-1.593892569756355442e+03
-1.587303995265282083e+03
-1.601186745394021273e+03
-1.603391021936548213e+03
-1.606449785765560591e+03
-1.615604224458298177e+03
-1.587360808155480299e+03
-1.594990430410713998e+03
-1.614073994302814299e+03
-1.606551624145851065e+03
-1.578325399833100846e+03
-1.608011860233992820e+03
-1.586528413120836376e+03
-1.594207210186771363e+03
-1.598424242436826489e+03
-1.597763977236608298e+03
-1.608267499290583828e+03
-1.614805029008063457e+03
-1.602548663234719470e+03
-1.604467330872646244e+03
-1.587987398735617262e+03
-1.601282039854658024e+03
-1.602335499915801392e+03
-1.592619742800681479e+03
-1.607554448948589425e+03
-1.609872028648753030e+03
-1.600652032413331654e+03
-1.612756025002090837e+03
-1.590178462777234017e+03
-1.594759573407492098e+03
-1.615700138369172009e+03
-1.604298765367201895e+03
-1.611702309170196258e+03
-1.597802230273539408e+03
-1.607271276523955066e+03
-1.583579117071328938e+03
-1.599021291288891462e+03
-1.617166463800359907e+03
-1.608955223044793456e+03
-1.616680294697059935e+03
-1.606699030748030737e+03
-1.606908302801801256e+03
-1.604660314192745318e+03
-1.590998214368798926e+03
-1.595374738144333378e+03
-1.598211809366210218e+03
-1.586574295150383477e+03
-1.582658128752796983e+03
-1.600566057771964552e+03
-1.592789876125433011e+03
-1.563798544786788852e+03
-1.576073599772672424e+03
-1.607958271080917257e+03
-1.589431447932625815e+03
-1.589115856904683369e+03
-1.614437385012447066e+03
-1.587577136772965105e+03
-1.591771627579116966e+03
-1.595734615018193836e+03
-1.584537381007837212e+03
-1.563640822589589334e+03
-1.591912394745188521e+03
-1.608375908557888579e+03
-1.614593454526460164e+03
-1.610626230301063970e+03
-1.592639995212873600e+03
-1.609492750859406442e+03
-1.575846662324121098e+03
-1.591480390900184375e+03
-1.598403868136094388e+03
-1.618907459381082845e+03
-1.579148866005200034e+03
-1.607142243702162659e+03
-1.603681142161593925e+03
-1.596477336795875090e+03
-1.597799867074505755e+03
-1.610654068950924739e+03
-1.597107998713287088e+03
-1.586056815900643414e+03
-1.592280381351757569e+03
-1.610254817858306069e+03
-1.594058953507291108e+03
-1.598853985785057830e+03
-1.600822229695357692e+03
-1.596729910586454935e+03
-1.605690179889790215e+03
-1.591612918291380765e+03
-1.609622896823433621e+03
-1.588960850670548098e+03
-1.594417321003719508e+03
-1.603839462531206664e+03
-1.600088001788334623e+03
-1.604113367465198280e+03
-1.590666751463458695e+03
-1.570695810747264659e+03
-1.597903543556269824e+03
-1.622493452948796403e+03
-1.584595279242457309e+03
-1.619857452747210573e+03
-1.603758032777872813e+03
-1.607877202535692732e+03
-1.596580995299795404e+03
-1.608972704809565357e+03
-1.612428909719004878e+03
-1.594649002621001273e+03
-1.615185611239257241e+03
-1.607599942160281898e+03
-1.600609755442962296e+03
-1.584142113005216061e+03
-1.600862135784777820e+03
-1.618041674796978896e+03
-1.590278110469716694e+03
-1.585588338397718417e+03
-1.607556227292175208e+03
-1.592785010279864082e+03
-1.600774415249491994e+03
-1.601163722335525563e+03
-1.607381417156584803e+03
-1.604206872708301034e+03
-1.598543198996122101e+03
-1.603226444542252921e+03
-1.590255518678608496e+03
-1.583605582390425980e+03
-1.605975782861255084e+03
-1.614898220157500418e+03
-1.588463801402870331e+03
-1.587944595426402202e+03
-1.595674933812493691e+03
-1.589870372790635201e+03
-1.607657244582590238e+03
-1.603328130812323252e+03
-1.601637379549598108e+03
-1.611888039758833202e+03
-1.592747447031176762e+03
-1.597371592657859765e+03
-1.604474731889278473e+03
-1.603286368646359733e+03
-1.582729631840836191e+03
-1.601159629867635431e+03
-1.594260304315979283e+03
-1.603047657574403047e+03
-1.598765473315133477e+03
-1.596713168521204807e+03
-1.591039995580853883e+03
-1.598384466882428569e+03
-1.592375705777662233e+03
-1.588678374807855107e+03
-1.586960366591499451e+03
-1.598572484188380713e+03
-1.609558436775802420e+03
