Model: lognorm
Real logL: -651.7673685114589
Mean sim logL: -1494.7447100221025
Std sim logL: 5.924925946689472
Delta TS: 842.9773415106436
Significance: 142.27643502981732 sigma
TS_sim array:
-1.498822964558288049e+03
-1.491136294421269213e+03
-1.502411828232366815e+03
-1.493139064291939803e+03
-1.508012159936378794e+03
-1.496057113889978609e+03
-1.498564420485923165e+03
-1.497488544762904439e+03
-1.489213702818500906e+03
-1.507328259661893753e+03
-1.492292130632826229e+03
-1.492901842703424336e+03
-1.488382091636008681e+03
-1.493060618752190521e+03
-1.492676446995391416e+03
-1.491011581044573632e+03
-1.492283598074321844e+03
-1.490848919252795667e+03
-1.505118963547522071e+03
-1.492962385464461931e+03
-1.499423170837991393e+03
-1.499389405969701102e+03
-1.500115301419687967e+03
-1.494036970398948142e+03
-1.489552662507669766e+03
-1.499071846008208013e+03
-1.501691881033115806e+03
-1.489528358410070723e+03
-1.487303607940716347e+03
-1.498175567957783414e+03
-1.503240034289303821e+03
-1.499829508908304888e+03
-1.496480933102869130e+03
-1.495218343604112761e+03
-1.496148390195936372e+03
-1.492086888627854478e+03
-1.494665706164691073e+03
-1.496007339383763792e+03
-1.499692547862506672e+03
-1.494734766978990365e+03
-1.495997275892133302e+03
-1.504444143553206686e+03
-1.494230804118241622e+03
-1.492713841105486836e+03
-1.500341008342322311e+03
-1.495992871707937184e+03
-1.495548031592011739e+03
-1.495118294747347363e+03
-1.496341546200288349e+03
-1.494127887170329814e+03
-1.500057117946656490e+03
-1.495634250090189653e+03
-1.497810400974606409e+03
-1.492531691846330432e+03
-1.497865414387908004e+03
-1.502131182694215568e+03
-1.497110099664162135e+03
-1.487485689453051691e+03
-1.501369246180683149e+03
-1.490013986573785360e+03
-1.508995874455999228e+03
-1.507767346280749734e+03
-1.487304801563094543e+03
-1.498762003565870145e+03
-1.501744946499256912e+03
-1.493382220096861147e+03
-1.488368619201882439e+03
-1.497998977677803850e+03
-1.493547573664644005e+03
-1.489471630273942083e+03
-1.497403258089854262e+03
-1.493110668686397048e+03
-1.493233007672797385e+03
-1.480239562822207063e+03
-1.488072208506998777e+03
-1.487040161139326301e+03
-1.500032385208385676e+03
-1.489214481770065277e+03
-1.496392916841338774e+03
-1.493184702060711288e+03
-1.499905854863314289e+03
-1.489171974381886685e+03
-1.496322033588684917e+03
-1.489251005519137834e+03
-1.499531759192250320e+03
-1.504156568769252544e+03
-1.490765266302708596e+03
-1.497641163882223736e+03
-1.495510409798937189e+03
-1.497355694146463975e+03
-1.495327771233101885e+03
-1.496345168722167955e+03
-1.504585794221346987e+03
-1.505593346816515350e+03
-1.509695815355400555e+03
-1.494688728671672834e+03
-1.490774549253092573e+03
-1.491365041719710234e+03
-1.494840658308623006e+03
-1.502686770623015946e+03
-1.505906848677428115e+03
-1.489135125831693585e+03
-1.480660279884785041e+03
-1.493433394192359856e+03
-1.485571526992003783e+03
-1.501448548674717131e+03
-1.493091406425627156e+03
-1.502602616845868852e+03
-1.503107298408964198e+03
-1.494432016783378913e+03
-1.503660081600261947e+03
-1.500277089487999319e+03
-1.493052951679355147e+03
-1.488755477886985773e+03
-1.508348984648721625e+03
-1.486530404899631776e+03
-1.485318402961951961e+03
-1.492783568484835996e+03
-1.500206478878067173e+03
-1.488358821313643602e+03
-1.486717157628082077e+03
-1.491619836333434250e+03
-1.500751795794954432e+03
-1.491597703569425448e+03
-1.489857222735886808e+03
-1.492807979948904176e+03
-1.494331632503322226e+03
-1.484673198427779425e+03
-1.491122976135838599e+03
-1.495325225988757893e+03
-1.498047455122057727e+03
-1.495553376776663299e+03
-1.507957416392929190e+03
-1.496547053140201115e+03
-1.481895506129607838e+03
-1.490912274052189332e+03
-1.483326332941657711e+03
-1.499874235836519802e+03
-1.500327636218262342e+03
-1.486910753648726995e+03
-1.492129839248997541e+03
-1.499003599816393262e+03
-1.510638811030116358e+03
-1.499790254737048599e+03
-1.506157757966976760e+03
-1.494960793193505651e+03
-1.500187491798122664e+03
-1.500829797325722666e+03
-1.490230734498167976e+03
-1.499217835802894115e+03
-1.500882452743369868e+03
-1.489232598851308467e+03
-1.493627400430664693e+03
-1.485104103463234424e+03
-1.502343436642940105e+03
-1.502400786087001279e+03
-1.486399009248909351e+03
-1.500820973529376715e+03
-1.495468032404918404e+03
-1.495638004797487611e+03
-1.492846440815370443e+03
-1.500421389323791118e+03
-1.485718146269106001e+03
-1.493097075279633373e+03
-1.499060262727468853e+03
-1.501319530897903860e+03
-1.491255353422347753e+03
-1.490459169552096228e+03
-1.486422290368069980e+03
-1.493005718355196677e+03
-1.499974419667888014e+03
-1.499398085590474693e+03
-1.490602612325393693e+03
-1.498623747597956026e+03
-1.490947174357296944e+03
-1.496255235763105702e+03
-1.491624706199164166e+03
-1.496963536077037134e+03
-1.501363333426285635e+03
-1.497149186174187207e+03
-1.490883271028594663e+03
-1.491220434927345195e+03
-1.501738178170492347e+03
-1.496233446867746807e+03
-1.497227467732737068e+03
-1.494409142195179811e+03
-1.487383408780096488e+03
-1.491655159873729190e+03
-1.502695503434971670e+03
-1.495909667129329819e+03
-1.493597014731271429e+03
-1.492521542455487634e+03
-1.490956734685930542e+03
-1.487852095313515747e+03
-1.490286129995825831e+03
-1.502770160190848628e+03
-1.495115467455304724e+03
-1.488860349839278570e+03
-1.497985013145501853e+03
-1.492549234659317563e+03
-1.499257468101553059e+03
-1.488136242489477809e+03
-1.496047307680037193e+03
-1.485320020558770011e+03
-1.483460478092880294e+03
-1.495844801188446581e+03
-1.475770107634655233e+03
-1.507936640009341318e+03
-1.497932595630346214e+03
-1.486847371107126037e+03
-1.498443746849600075e+03
-1.500246722054399470e+03
-1.495986545951517655e+03
-1.489221850413201537e+03
-1.489816271102994506e+03
-1.506321743791370181e+03
-1.493794535861946315e+03
-1.493654447536248654e+03
-1.496007625930553331e+03
-1.500015325297521485e+03
-1.496091601712455940e+03
-1.502879584468374333e+03
-1.503490948763671440e+03
-1.501638393539222761e+03
-1.497685264286527854e+03
-1.494400086105714081e+03
-1.494738336798523505e+03
-1.493753191377984876e+03
-1.503288225880487516e+03
-1.489606063314832454e+03
-1.503255142939783127e+03
-1.492171057196413130e+03
-1.502455266346460576e+03
-1.483066744904488132e+03
-1.498294570829749773e+03
-1.492712169798416653e+03
-1.489176653643990448e+03
-1.488207415242885418e+03
-1.488490394278267104e+03
-1.492689660555094179e+03
-1.495482134083527399e+03
-1.488128942776134181e+03
-1.506261719657777348e+03
-1.501060171045863626e+03
-1.502345791121475258e+03
-1.495861080510394004e+03
-1.495611088490617021e+03
-1.485611554374978596e+03
-1.501326521652548308e+03
-1.499807109581287023e+03
-1.494487313419370139e+03
-1.496751458901570913e+03
-1.503256363200108581e+03
-1.500936688561208939e+03
-1.485402968137985454e+03
-1.493078061239529916e+03
-1.486061323718538233e+03
-1.491972515137480514e+03
-1.502570306201115727e+03
-1.499781349892855587e+03
-1.494537156887511628e+03
-1.497221914379810414e+03
-1.490873489077088834e+03
-1.508166185881789033e+03
-1.495107102179405956e+03
-1.493491549975540011e+03
-1.496594507329483349e+03
-1.498842592512197825e+03
-1.492339034576169524e+03
-1.491023783628152614e+03
-1.494339818890959577e+03
-1.492405813968251778e+03
-1.501540281293664975e+03
-1.491622348838742255e+03
-1.490701505049205480e+03
-1.498431853985340695e+03
-1.489662203679134336e+03
-1.494417881374036597e+03
-1.499959065288294369e+03
-1.499795415643421393e+03
-1.482838913659407808e+03
-1.497102699564245540e+03
-1.492653827885698320e+03
-1.507628731962619895e+03
-1.482714145972809774e+03
-1.487517595216922700e+03
-1.489385225160636764e+03
-1.500772200120663456e+03
-1.491500264185192691e+03
-1.495377160616932088e+03
-1.494924886149238091e+03
-1.504909755651348405e+03
-1.485824880827620291e+03
-1.492971346065879970e+03
-1.490409378238723320e+03
-1.497024776056337714e+03
-1.483142044040231667e+03
-1.498578105615946242e+03
-1.502596532745400509e+03
-1.493324882254303247e+03
-1.485805464457763264e+03
-1.480007848576678043e+03
-1.491005054503519204e+03
-1.488307756327601055e+03
-1.495149975835199029e+03
-1.493950770702868795e+03
-1.494964671797997653e+03
-1.494759891318838527e+03
-1.491802160330094239e+03
-1.485430877712067058e+03
-1.500153906863375596e+03
-1.497281553823193008e+03
-1.502807952713839768e+03
-1.489922149377771802e+03
-1.493382174555385063e+03
-1.499965438789741256e+03
-1.490938876940580485e+03
-1.493672754848434806e+03
-1.494256823632610576e+03
-1.493022451998143879e+03
-1.486700923249875359e+03
-1.488292811558615085e+03
-1.493998202383593025e+03
-1.495940484220879171e+03
-1.487615062582141036e+03
-1.490149019020689593e+03
-1.482582473696885017e+03
-1.492714653221602020e+03
-1.498988623645591360e+03
-1.494068663058928905e+03
-1.484148281417272074e+03
-1.488708320839145017e+03
-1.493220346984370735e+03
-1.491896273813234984e+03
-1.487850329191291621e+03
-1.495520639325574166e+03
-1.478920060816479463e+03
-1.487543978092690395e+03
-1.500965103550273852e+03
-1.491922658513235547e+03
-1.489968950248085093e+03
-1.498967549249723334e+03
-1.500850623005349235e+03
-1.499303134674494231e+03
-1.496414360122150811e+03
-1.496373309474497773e+03
-1.494950223277223813e+03
-1.493450733841225201e+03
-1.504250419738533310e+03
-1.494610268138500942e+03
-1.499487587825536139e+03
-1.501160836554518710e+03
-1.481897790802005375e+03
-1.500771697557426251e+03
-1.495502510541132324e+03
-1.490777716395430616e+03
-1.488741830648498308e+03
-1.480586384043783710e+03
-1.501532774376791622e+03
-1.499802041040882614e+03
-1.496237515780759850e+03
-1.489911862560328700e+03
-1.495360476053733692e+03
-1.488367700446904109e+03
-1.495056119504826256e+03
-1.490452678439098008e+03
-1.493906532667768261e+03
-1.491852619181622458e+03
-1.493858532411302804e+03
-1.510110138223672493e+03
-1.489653635840883680e+03
-1.478621885259918827e+03
-1.498390368266956330e+03
-1.495108206400520203e+03
-1.497765215380361724e+03
-1.500707020330499290e+03
-1.485256035683853270e+03
-1.495652651688842070e+03
-1.490729656449822869e+03
-1.493918779236097635e+03
-1.502028751432395438e+03
-1.493399326159249995e+03
-1.486390303233324175e+03
-1.489905517713244308e+03
-1.493892730773853145e+03
-1.489902965763794782e+03
-1.496034855411939134e+03
-1.496685288415627838e+03
-1.492998928913586042e+03
-1.495100310911491079e+03
-1.502286942579618653e+03
-1.496155639743652955e+03
-1.496888359001612116e+03
-1.500775015485065296e+03
-1.506823830293091305e+03
-1.498024343909331265e+03
-1.496848236829279813e+03
-1.482490208039218942e+03
-1.498364334897695244e+03
-1.492163930009755859e+03
-1.501110535531034657e+03
-1.485338207069255077e+03
-1.497107781882929885e+03
-1.494350052327149115e+03
-1.507394457463838989e+03
-1.489164712096735457e+03
-1.499310989446694293e+03
-1.491755113474708196e+03
-1.489342867440161626e+03
-1.495459083574431361e+03
-1.490986184809441511e+03
-1.497733671556335594e+03
-1.479540174902976787e+03
-1.505361596061566615e+03
-1.501380311479289503e+03
-1.494478811840899425e+03
-1.494683754982843766e+03
-1.486474709224311255e+03
-1.496528669121070379e+03
-1.497368701939954008e+03
-1.497831233010605501e+03
-1.500013055139515473e+03
-1.491219790798262693e+03
-1.497858224065937975e+03
-1.500507874288859966e+03
-1.495027849307204178e+03
-1.490459983339156679e+03
-1.486472705911891808e+03
-1.499226197761960520e+03
-1.503887780224778453e+03
-1.493506062097860649e+03
-1.485419626626326817e+03
-1.492398176381955182e+03
-1.499050153719691480e+03
-1.487253719335814367e+03
-1.495482068592659743e+03
-1.497238695173991800e+03
-1.496810153858054946e+03
-1.492035243179279405e+03
-1.494245668642306100e+03
-1.483733175731748588e+03
-1.494655662239132880e+03
-1.499136155027359564e+03
-1.506107278131371004e+03
-1.501731356243302798e+03
-1.491992497072470996e+03
-1.499661350448988969e+03
-1.495552450594566835e+03
-1.496235547433892862e+03
-1.497163902312919390e+03
-1.493228697239529538e+03
-1.497238414286990064e+03
-1.495254111667141160e+03
-1.501762192332234008e+03
-1.487111404387027960e+03
-1.498148659119281092e+03
-1.506013500003913578e+03
-1.487073476398016055e+03
-1.501142842382578237e+03
-1.492776410502114231e+03
-1.491067646842910108e+03
-1.502103821892722635e+03
-1.500886151402442010e+03
-1.510299848766151172e+03
-1.502250622843536803e+03
-1.499193549472403674e+03
-1.502079857420411827e+03
-1.498003125095793166e+03
-1.498088070814624871e+03
-1.490124869374018317e+03
-1.491904695236598855e+03
-1.492621346066101069e+03
-1.496492809270301223e+03
-1.493645126382861008e+03
-1.488185402835802734e+03
-1.490649755598094316e+03
-1.502336800810195655e+03
-1.499079198296241429e+03
-1.485700784581851167e+03
-1.489811966456439222e+03
-1.500620353186511693e+03
-1.501537177149484023e+03
-1.501478227870504497e+03
-1.487497554545204821e+03
-1.498384814797866966e+03
-1.492973228687711980e+03
-1.493713088073173367e+03
-1.501607762956446550e+03
-1.500494213403086178e+03
-1.493254561008333440e+03
-1.492890448371105776e+03
-1.493719382328611573e+03
-1.485965030914682529e+03
-1.492123894311302820e+03
-1.484816286236941778e+03
-1.499896007403699059e+03
-1.488168283044813961e+03
-1.493559788630404455e+03
-1.493903501060522558e+03
-1.501054287285289774e+03
-1.494033940944044616e+03
-1.501113014408969775e+03
-1.502915656092455265e+03
-1.491417561948154798e+03
-1.502496477239114938e+03
-1.496047800500646645e+03
-1.494011891479069391e+03
-1.493078985687779550e+03
-1.497314017925473991e+03
-1.490649264780495059e+03
-1.486880242158457122e+03
-1.488845880157585725e+03
-1.490556027480957255e+03
-1.493543520979725145e+03
-1.492924319869111059e+03
-1.489468122327408764e+03
-1.496246395831965401e+03
-1.490357032184274431e+03
-1.495534493426324389e+03
-1.490530654128939659e+03
-1.495167047462106211e+03
-1.504130811488056224e+03
-1.493950691978854820e+03
-1.499020041156010393e+03
-1.494208601310276435e+03
-1.500832888269598243e+03
-1.501568250401609475e+03
-1.500889899437700251e+03
-1.491587444650974476e+03
-1.486386709885728806e+03
-1.491452994354083103e+03
-1.490769686106933250e+03
-1.497091357478688906e+03
-1.494217121253651385e+03
-1.496021084478040166e+03
-1.494271779292010706e+03
-1.508107885474757950e+03
-1.496685486228525633e+03
-1.484355932858655706e+03
-1.495101744850956948e+03
-1.485429291406088623e+03
-1.487515693915230713e+03
-1.494248400804808398e+03
-1.498584129545503401e+03
-1.496896837723717454e+03
-1.488152269929236127e+03
-1.491446170277905367e+03
-1.484965104262118530e+03
-1.506621826890465400e+03
-1.498107841452653247e+03
-1.493841033168800550e+03
-1.497212479686123743e+03
-1.495511657549925076e+03
-1.487718385563410948e+03
-1.492956322493551625e+03
-1.488260573502149327e+03
-1.488504890781759059e+03
-1.480243318010683652e+03
-1.493733832987938285e+03
-1.492251937744735415e+03
-1.488532524444355886e+03
-1.489398214011490836e+03
-1.494635885957746268e+03
-1.499981101303425476e+03
-1.486569011135426081e+03
-1.493339249798443234e+03
-1.498625571163273889e+03
-1.485025338059045680e+03
-1.499478212878033219e+03
-1.495304241163911911e+03
-1.498163729406858238e+03
-1.489770607873656672e+03
-1.498687727016807457e+03
-1.501558907522145546e+03
-1.498052820542279051e+03
-1.505430729410717731e+03
-1.490129324972363975e+03
-1.496378065484734179e+03
-1.498230921559573289e+03
-1.491781966651533367e+03
-1.506148611828301910e+03
-1.496387428780873734e+03
-1.486580472483936319e+03
-1.491040076779817355e+03
-1.492035917696208344e+03
-1.491622871745415068e+03
-1.493885112626609953e+03
-1.499366865200311395e+03
-1.486494351729505070e+03
-1.504587410982715937e+03
-1.494761178657156279e+03
-1.494310331494769116e+03
-1.495753667837541116e+03
-1.506337464371453734e+03
-1.497264437457693475e+03
-1.492565812087122140e+03
-1.494140204753953867e+03
-1.487173315176724827e+03
-1.491153988503426717e+03
-1.488719687440990811e+03
-1.493662453581135424e+03
-1.487419642209882568e+03
-1.496956655939665779e+03
-1.492407561988793987e+03
-1.494199033271116605e+03
-1.489861861254267524e+03
-1.492070568781766269e+03
-1.490804573655702370e+03
-1.493363036574485704e+03
-1.490238835459379743e+03
-1.498626998043096364e+03
-1.503471840972267501e+03
-1.483244336315448436e+03
-1.485489688264344068e+03
-1.484245921373006695e+03
-1.504194200597408553e+03
-1.504267178595771384e+03
-1.489555229919762269e+03
-1.493814426086171807e+03
-1.492236342064198652e+03
-1.495523274411133571e+03
-1.493699448146306167e+03
-1.487585667815748820e+03
-1.492458202573145172e+03
-1.492686319358854689e+03
-1.490698134041034564e+03
-1.489919492950222320e+03
-1.489139965532384167e+03
-1.494314741444158926e+03
-1.500218040131783255e+03
-1.499335615601700056e+03
-1.497285992582161725e+03
-1.492919913834500676e+03
-1.502303658068254663e+03
-1.488774853856791196e+03
-1.498075724968779014e+03
-1.491254559165441833e+03
-1.491955641114457649e+03
-1.499778003020121787e+03
-1.487970898103859327e+03
-1.488450325450122591e+03
-1.503092559088831877e+03
-1.489716960914120818e+03
-1.491722757364568679e+03
-1.488159449020622333e+03
-1.489413643071291972e+03
-1.496921716206679775e+03
-1.496236136449424748e+03
-1.496283680768761315e+03
-1.496997978308861775e+03
-1.501163896645169416e+03
-1.498867220308707601e+03
-1.501158748119977190e+03
-1.497077023167065136e+03
-1.491092647463771300e+03
-1.500384044214303685e+03
-1.482063796692574442e+03
-1.492822338282394412e+03
-1.491220621994046724e+03
-1.492389299254879006e+03
-1.498478804566453164e+03
-1.499502104617562054e+03
-1.502888388785878760e+03
-1.500149584365777173e+03
-1.493468209310046177e+03
-1.493865624625599594e+03
-1.485337490090442543e+03
-1.483663401078283187e+03
-1.493532354134627440e+03
-1.502277051729181494e+03
-1.494626809066507576e+03
-1.480136278445791049e+03
-1.490183392463286964e+03
-1.492226501002788154e+03
-1.501978729727353766e+03
-1.501136778240118019e+03
-1.489459043857934830e+03
-1.499444139116478254e+03
-1.493020648601228004e+03
-1.499673820310681549e+03
-1.488357124076773971e+03
-1.496872194765822769e+03
-1.490818656607843877e+03
-1.489404929457736671e+03
-1.496421112299552306e+03
-1.497780438059573044e+03
-1.498739152738078928e+03
-1.493668997400884336e+03
-1.481977578487982555e+03
-1.503714684936417143e+03
-1.499643733276368721e+03
-1.499955205180495113e+03
-1.491748364806896916e+03
-1.500199467686759817e+03
-1.494968443097747468e+03
-1.487067967309676078e+03
-1.506015874084092957e+03
-1.493467906495048283e+03
-1.495272742181851072e+03
-1.506457536785557522e+03
-1.488247847873331921e+03
-1.488774778698011005e+03
-1.497921593720150668e+03
-1.502679536574033818e+03
-1.494504755963065691e+03
-1.500766113507688033e+03
-1.492539428773829968e+03
-1.485287271342287568e+03
-1.492870184257097662e+03
-1.490402759381004671e+03
-1.504445761336977057e+03
-1.485583356667939142e+03
-1.492838339388144050e+03
-1.503286979529514156e+03
-1.501467075198171187e+03
-1.500457111736047864e+03
-1.497320993673199609e+03
-1.486971035109385866e+03
-1.494720766330433435e+03
-1.501546264996244190e+03
-1.501007096014915533e+03
-1.483114860411182690e+03
-1.493213668633698489e+03
-1.485996796458791323e+03
-1.488252516440967156e+03
-1.504554753287959329e+03
-1.494337676428601299e+03
-1.494657230287160019e+03
-1.500790501548061002e+03
-1.493710050254345788e+03
-1.498198254198583982e+03
-1.489335461053065046e+03
-1.501136646271461814e+03
-1.491828393737448323e+03
-1.497380566559673298e+03
-1.499120713615549903e+03
-1.499080029584080648e+03
-1.493193505597793774e+03
-1.498019629443047961e+03
-1.497977253711479079e+03
-1.498101721464529874e+03
-1.502407560531937634e+03
-1.489588896999247936e+03
-1.492127842063857088e+03
-1.499978605224303010e+03
-1.503871184132537564e+03
-1.496087745138235050e+03
-1.489862233466536964e+03
-1.501957718038136818e+03
-1.488101700212255309e+03
-1.492429670212648489e+03
-1.482252191458136622e+03
-1.492120419697404259e+03
-1.500622629159838880e+03
-1.487864927866696689e+03
-1.504602299718581662e+03
-1.511743954406869989e+03
-1.497277654153983804e+03
-1.490224489966417877e+03
-1.498452559137723483e+03
-1.489486183967391298e+03
-1.485505650275879589e+03
-1.489670969968254440e+03
-1.503385125090223710e+03
-1.495616738252028199e+03
-1.490952096407449289e+03
-1.497624111677318069e+03
-1.494602138550840209e+03
-1.494109089286454719e+03
-1.479485842279785629e+03
-1.499209490656985508e+03
-1.489459209571806241e+03
-1.494771540077269719e+03
-1.493126224031890843e+03
-1.491281647356374833e+03
-1.492348130783337638e+03
-1.496089476106694974e+03
-1.506046933308488860e+03
-1.493881477263559646e+03
-1.490207464790010363e+03
-1.498668943097733063e+03
-1.495793083783788916e+03
-1.498631143531107682e+03
-1.489779090424142851e+03
-1.484395336476121201e+03
-1.494573200700182952e+03
-1.488813854208338853e+03
-1.489375035040421835e+03
-1.503336520617094720e+03
-1.494409821642823772e+03
-1.487122762275650985e+03
-1.505607333063308488e+03
-1.493125489436012231e+03
-1.496968023161662586e+03
-1.497496807984781753e+03
-1.483773861336920390e+03
-1.491213781421302428e+03
-1.494457503712658308e+03
-1.492302356152104494e+03
-1.487178511696448822e+03
-1.489876048037705459e+03
-1.494751595855780351e+03
-1.499284069156827627e+03
-1.501758966789662281e+03
-1.500686941660888124e+03
-1.485982522216210555e+03
-1.492092204116270523e+03
-1.493168249139325326e+03
-1.495583511109438859e+03
-1.490574584603569519e+03
-1.499955756633672536e+03
-1.499483196317098418e+03
-1.492815943488113589e+03
-1.484009529602001749e+03
-1.490695766376440361e+03
-1.498025932516432931e+03
-1.488437294892666387e+03
-1.502661485728870502e+03
-1.486760597668815080e+03
-1.487538985767582744e+03
-1.496422807295668008e+03
-1.496782175026467030e+03
-1.502881114716719139e+03
-1.503409428803793617e+03
-1.495398734710181543e+03
-1.508822752531027390e+03
-1.489265100677041573e+03
-1.491456888251328564e+03
-1.495828866014431924e+03
-1.500010017037630860e+03
-1.498155090106287844e+03
-1.494151301482023428e+03
-1.490192904652748439e+03
-1.484398439936694558e+03
-1.500509857723261803e+03
-1.501155786846575211e+03
-1.491580155769744806e+03
-1.499423309504428289e+03
-1.494182023604564165e+03
-1.485846662778186783e+03
-1.491177271274223131e+03
-1.506498600308009372e+03
-1.496854225203210262e+03
-1.492500370537673007e+03
-1.489809300278392584e+03
-1.497653877912885946e+03
-1.499844173525852966e+03
-1.492592391292387219e+03
-1.489161747581155396e+03
-1.495633899987176392e+03
-1.494366454354543293e+03
-1.494174484371263816e+03
-1.492932387021145587e+03
-1.487688354977150084e+03
-1.484158672152249437e+03
-1.490196681258625176e+03
-1.492885566857842150e+03
-1.485003376327494607e+03
-1.502289366876862005e+03
-1.497732187051173241e+03
-1.490246535084324933e+03
-1.500412794261350427e+03
-1.501242578670459352e+03
-1.504783256930737934e+03
-1.491700284844346925e+03
-1.498452538822935821e+03
-1.494166099440714788e+03
-1.497089164996148611e+03
-1.495229238983642063e+03
-1.486029840988183651e+03
-1.483228091134386432e+03
-1.490930035974753309e+03
-1.494998357094804760e+03
-1.498226691843059825e+03
-1.500165866361289090e+03
-1.494811037099786063e+03
-1.494511851731854676e+03
-1.501085884359131796e+03
-1.492545984261653530e+03
-1.487286622924688800e+03
-1.491294244127384218e+03
-1.485339359616453748e+03
-1.482935479243040390e+03
-1.494020379621812026e+03
-1.492457407955118924e+03
-1.483649068101724879e+03
-1.497042604216805330e+03
-1.498417028509747524e+03
-1.494364001896330592e+03
-1.501560688823711189e+03
-1.495547072621801135e+03
-1.489718283988363055e+03
-1.497871150927899862e+03
-1.501652884036653631e+03
-1.486885630062888140e+03
-1.506348402842755831e+03
-1.495047323596792467e+03
-1.504324502366998331e+03
-1.502046578907828007e+03
-1.494499642095384615e+03
-1.493730102394518326e+03
-1.502372313147969635e+03
-1.492482638969138407e+03
-1.491534097548492127e+03
-1.489457137366060806e+03
-1.493721106680925004e+03
-1.490920797119381405e+03
-1.503811559404511854e+03
-1.492736758804888950e+03
-1.492015788457079452e+03
-1.500986569309135120e+03
-1.490576814596844088e+03
-1.495837256372066804e+03
-1.505278950736451407e+03
-1.494113921840193825e+03
-1.498866135682823597e+03
-1.489724172987958354e+03
-1.494728637141467971e+03
-1.502541321485336084e+03
-1.486162005749326454e+03
-1.503269596524113922e+03
-1.491119798728738715e+03
-1.487453026191678418e+03
-1.492015018384891391e+03
-1.495882046016330605e+03
-1.486595153805657446e+03
-1.494170558699038338e+03
-1.488106964132802432e+03
-1.502771082029447371e+03
-1.495670338101645939e+03
-1.493521970247100853e+03
-1.491838867994510338e+03
-1.492984167281104874e+03
-1.498052122315141105e+03
-1.500704220763931517e+03
-1.492770074181638847e+03
-1.487239297513441215e+03
-1.488952367818687208e+03
-1.497154278412900112e+03
-1.494996202274578991e+03
-1.495635576388083109e+03
-1.497262653726159215e+03
-1.498219095803459595e+03
-1.503367482897707077e+03
-1.486786123456942505e+03
-1.499131155370846955e+03
-1.503169324730180733e+03
-1.494635409676505788e+03
-1.490723187705739747e+03
-1.491833531854473222e+03
-1.500270146537964138e+03
-1.492252889746106575e+03
-1.494808688852952855e+03
-1.496908656191103091e+03
-1.498687651496367835e+03
-1.484566661549658420e+03
-1.492631693478577517e+03
-1.493467855266645984e+03
-1.505203543383533997e+03
-1.497990777763679944e+03
-1.488222912247909790e+03
-1.497251451923684954e+03
-1.501429301320004924e+03
-1.499461700298505093e+03
-1.479901929092949786e+03
-1.496384658551741268e+03
-1.495243441008964510e+03
-1.487903602672969100e+03
-1.484589185217128943e+03
-1.487598648117935909e+03
-1.505934735766510585e+03
-1.504553782551837230e+03
-1.490636178649447174e+03
-1.498860843072477564e+03
-1.488005756185222708e+03
-1.511291646195603789e+03
-1.491098762558545559e+03
-1.493554051972140087e+03
-1.503650986453518726e+03
-1.485689719571852038e+03
-1.493945231125384908e+03
-1.491094653732582856e+03
-1.491733334010819817e+03
-1.498232332509387334e+03
-1.496369041244343180e+03
-1.495905162493208536e+03
-1.491592938331105643e+03
-1.491944286107182052e+03
-1.494954332052917835e+03
-1.496940936673353690e+03
-1.493166584202106151e+03
-1.495229139321744242e+03
-1.508139509675466343e+03
-1.496111052792417922e+03
-1.490866686807418773e+03
-1.497716882235058392e+03
-1.500350261076745483e+03
-1.504013197677699736e+03
-1.492639351346650528e+03
-1.494640705131318327e+03
