Model: gaussian
Real logL: -171.15180104485407
Mean sim logL: -330.9777498823549
Std sim logL: 5.530947642488359
Delta TS: 159.82594883750082
Significance: 28.89666638854595 sigma
TS_sim array:
-3.248138565745701953e+02
-3.317841727503511038e+02
-3.341532323625949630e+02
-3.270250812422837043e+02
-3.319172913894502699e+02
-3.271244657748250120e+02
-3.334820356888805009e+02
-3.296808735973008311e+02
-3.301714079124770365e+02
-3.299524005459320506e+02
-3.459002447271336678e+02
-3.319163057377916743e+02
-3.395887589647236382e+02
-3.257481198631911070e+02
-3.345435535038242847e+02
-3.288492406926934564e+02
-3.280414589685296392e+02
-3.276038370096915742e+02
-3.291792781882726331e+02
-3.318677974572175344e+02
-3.276945768417288036e+02
-3.451383970621828894e+02
-3.292926642197045339e+02
-3.302053870480672231e+02
-3.268334492019771460e+02
-3.251680575792086074e+02
-3.293551339069919095e+02
-3.237199907358644282e+02
-3.256963850891785341e+02
-3.297970203733983681e+02
-3.265180343553835769e+02
-3.303719686945013336e+02
-3.277409748689821640e+02
-3.281825767626139623e+02
-3.452806285381743692e+02
-3.300905051047191705e+02
-3.302186120619875283e+02
-3.266867415651216220e+02
-3.240519550602620598e+02
-3.281199698337698578e+02
-3.302012887229773810e+02
-3.277611853649976865e+02
-3.442327801943731629e+02
-3.417861798634986599e+02
-3.287359422194858780e+02
-3.394586707976249045e+02
-3.253218447918390552e+02
-3.299877376858665912e+02
-3.272361468590821687e+02
-3.310475316213847350e+02
-3.303598598718321000e+02
-3.266378605098243497e+02
-3.315003827954225244e+02
-3.314544283291245392e+02
-3.264955318900503016e+02
-3.303017278113907196e+02
-3.265180620898852908e+02
-3.288891552394811697e+02
-3.289107316560489380e+02
-3.318371385285797146e+02
-3.269447362531113868e+02
-3.282763993291252973e+02
-3.245622027478151495e+02
-3.342392413822087178e+02
-3.252443352659888660e+02
-3.329997782779758495e+02
-3.261237648853362998e+02
-3.407667084014501029e+02
-3.343181141007254382e+02
-3.252746958310712557e+02
-3.307090986853943946e+02
-3.249365870633622535e+02
-3.325525370411813810e+02
-3.291646103193602926e+02
-3.290243239989712265e+02
-3.332337799485768528e+02
-3.412187103472203944e+02
-3.285598038933488851e+02
-3.301507006550077676e+02
-3.220356081039689116e+02
-3.299348452134183844e+02
-3.298639558133408514e+02
-3.287644455399415619e+02
-3.327328220488565762e+02
-3.271343348660442416e+02
-3.307316008632886906e+02
-3.395039383731043472e+02
-3.276784897204282174e+02
-3.324912287950630230e+02
-3.316888213765009823e+02
-3.256214641265904106e+02
-3.445341360696176025e+02
-3.287243177628485000e+02
-3.298689521165514975e+02
-3.288127539927394309e+02
-3.267376423261829359e+02
-3.261617216830384223e+02
-3.315976983073652491e+02
-3.280537567661364733e+02
-3.242299605944362497e+02
-3.314835460968852203e+02
-3.286315535808306549e+02
-3.255349725713222142e+02
-3.392416660876287438e+02
-3.282391142721867823e+02
-3.297050380976513679e+02
-3.267848944321622184e+02
-3.258370455750462611e+02
-3.285835867936775117e+02
-3.312403039050287816e+02
-3.433524801911138979e+02
-3.305049802878127139e+02
-3.290501684539258349e+02
-3.319429399328723775e+02
-3.260758431773548409e+02
-3.271660137465312346e+02
-3.272314136858319671e+02
-3.368310119304525188e+02
-3.294032807634926030e+02
-3.315575412744137225e+02
-3.251447465495759843e+02
-3.360864493973268736e+02
-3.296220500664659312e+02
-3.306472275594531993e+02
-3.279306550276944563e+02
-3.292604593550317418e+02
-3.374751274772437455e+02
-3.230332273195840571e+02
-3.333069710489613726e+02
-3.330361241474563485e+02
-3.261751746672578065e+02
-3.255555639299300310e+02
-3.313721782420913655e+02
-3.301565668135735905e+02
-3.331962140276398827e+02
-3.299611640470459406e+02
-3.459443745979018559e+02
-3.306805746552035430e+02
-3.257941404976834292e+02
-3.260786190537321545e+02
-3.302526568471456585e+02
-3.412109947455476231e+02
-3.247990585446646605e+02
-3.259998864657908939e+02
-3.272349543300808250e+02
-3.274470157104425425e+02
-3.307250154418218244e+02
-3.307096553183288279e+02
-3.479876782831460105e+02
-3.264497924646148590e+02
-3.314771309055915367e+02
-3.273015725314011206e+02
-3.402066096260436439e+02
-3.436202596677665042e+02
-3.446776765996332301e+02
-3.393063087212269124e+02
-3.325384603239951957e+02
-3.301916287868969562e+02
-3.274895632838840243e+02
-3.364195693631849053e+02
-3.300850667489775105e+02
-3.364136892013796682e+02
-3.294868848985315708e+02
-3.276243440652248182e+02
-3.449149680260207447e+02
-3.217686046243271676e+02
-3.311921755162022691e+02
-3.277651255222590407e+02
-3.426341029276240420e+02
-3.327168154581632962e+02
-3.388030294568698650e+02
-3.248665047223577744e+02
-3.225857554997219268e+02
-3.313116521305834112e+02
-3.311283078423061284e+02
-3.322457654894927828e+02
-3.265549747784495480e+02
-3.277797227207943820e+02
-3.281947537757289979e+02
-3.227802188452360497e+02
-3.365012213646126042e+02
-3.323577885806057566e+02
-3.295817049515118242e+02
-3.332877614045733026e+02
-3.273846141134188201e+02
-3.309624075757546393e+02
-3.465665536590499300e+02
-3.397941256746788667e+02
-3.284415831640024521e+02
-3.314703487688931318e+02
-3.306570030176486625e+02
-3.267199057551939063e+02
-3.339275138705614836e+02
-3.296052549505793650e+02
-3.284044001063592191e+02
-3.308181938608554447e+02
-3.257578293056553775e+02
-3.345825901987392967e+02
-3.301864194550245202e+02
-3.269537684589577111e+02
-3.294874854222032923e+02
-3.298702191285027538e+02
-3.288641440921401227e+02
-3.312547477929985007e+02
-3.273935297205181314e+02
-3.326146141230379953e+02
-3.307842812876787093e+02
-3.272502653116820284e+02
-3.277865548114692729e+02
-3.245592440708480808e+02
-3.305857163830268064e+02
-3.243778355532782598e+02
-3.338783535595675289e+02
-3.521304323270707073e+02
-3.333958654927538419e+02
-3.278539097524165413e+02
-3.249403225836550746e+02
-3.281078089856753195e+02
-3.262771384687316640e+02
-3.284639212198225096e+02
-3.359272775548571985e+02
-3.258676543704146411e+02
-3.313297123599522820e+02
-3.277948595005813672e+02
-3.288361117985830333e+02
-3.292359015503676005e+02
-3.313839563748471164e+02
-3.280240196411111810e+02
-3.337451032480016693e+02
-3.257252508199264298e+02
-3.281797877780859380e+02
-3.337276647814433090e+02
-3.273675924082677966e+02
-3.257467073228297068e+02
-3.295398629926443164e+02
-3.283885014197815053e+02
-3.274577814360600314e+02
-3.307354336840402311e+02
-3.296407215495061109e+02
-3.292193053683645303e+02
-3.303807147946215537e+02
-3.248029909289390957e+02
-3.326679622661291660e+02
-3.324429500945004179e+02
-3.471565294298329718e+02
-3.252854335452135501e+02
-3.274980697199306405e+02
-3.298878510127411801e+02
-3.287918405414510516e+02
-3.307867151667924759e+02
-3.246650381506037775e+02
-3.253568188369769132e+02
-3.253276735832956774e+02
-3.309351285830017559e+02
-3.322232960111368811e+02
-3.264588464972280235e+02
-3.280822422624569299e+02
-3.459752869222299978e+02
-3.245976564995640388e+02
-3.342241345995614665e+02
-3.304431835625650820e+02
-3.299717695414619811e+02
-3.343915548667680468e+02
-3.267657772202661022e+02
-3.324697406735457434e+02
-3.447732419818261747e+02
-3.261032920283568046e+02
-3.386872789776090826e+02
-3.305030431242497571e+02
-3.322295079857208293e+02
-3.327604072112287099e+02
-3.409684879331883849e+02
-3.324155453329532293e+02
-3.440887026120727796e+02
-3.351986987902873238e+02
-3.285504616553484425e+02
-3.310961798620925833e+02
-3.253898024031827845e+02
-3.259391142829705359e+02
-3.322012227874412815e+02
-3.287225405482878955e+02
-3.284795260536564001e+02
-3.310365478626429194e+02
-3.303681680230738493e+02
-3.304733710070087227e+02
-3.500275492356554992e+02
-3.415581516154759925e+02
-3.242440377433555341e+02
-3.313411075336315434e+02
-3.266225330285085420e+02
-3.276609726176484401e+02
-3.425816038159773598e+02
-3.255473252229171521e+02
-3.261197869267904821e+02
-3.270150340470461856e+02
-3.277216541952078614e+02
-3.291848782843030108e+02
-3.305738175095234510e+02
-3.247605085687264364e+02
-3.309651321419210035e+02
-3.402837816258996213e+02
-3.280989258031622740e+02
-3.255640525501859202e+02
-3.220114110677366170e+02
-3.324393279758096469e+02
-3.313567812328305422e+02
-3.258580049064668174e+02
-3.286705510544968547e+02
-3.273157959942270736e+02
-3.303720776152876510e+02
-3.352958061906012972e+02
-3.251261459547999948e+02
-3.302847490113762206e+02
-3.301970723451707386e+02
-3.320646465450233791e+02
-3.311519767417734101e+02
-3.224051487028816041e+02
-3.425104602061305741e+02
-3.300135194362221114e+02
-3.328989624896280475e+02
-3.481496132627045199e+02
-3.297086535860750018e+02
-3.259291958255263353e+02
-3.247147623216006878e+02
-3.264993384495492137e+02
-3.317451623437539752e+02
-3.338143094961690167e+02
-3.286068653042435699e+02
-3.277075241446785867e+02
-3.274092146595078248e+02
-3.284437439883821526e+02
-3.298151565594253043e+02
-3.421917307096414902e+02
-3.278963349257706454e+02
-3.391843745366657572e+02
-3.344480473422116802e+02
-3.424002676483917753e+02
-3.298615504468089057e+02
-3.298437495032295601e+02
-3.312562275685284021e+02
-3.328746085330991491e+02
-3.313175545199270573e+02
-3.327234679482432966e+02
-3.289381889902106764e+02
-3.254563144080563006e+02
-3.439832624610198764e+02
-3.296251622276581656e+02
-3.307557507544590862e+02
-3.309869692226354800e+02
-3.354104958300802082e+02
-3.257094272090968161e+02
-3.258710314604669520e+02
-3.255402839883679462e+02
-3.455297131878416508e+02
-3.280347368401652375e+02
-3.283881611136755510e+02
-3.291938323043171408e+02
-3.257063488516934626e+02
-3.305329436987652798e+02
-3.281652744137415425e+02
-3.296543086646999541e+02
-3.288594004253493495e+02
-3.294078581326702988e+02
-3.318543011426464204e+02
-3.260725301560979688e+02
-3.268919789837076451e+02
-3.301782170328619941e+02
-3.305321391167966567e+02
-3.325465749287255335e+02
-3.417012929135948411e+02
-3.308287913826297881e+02
-3.299254405534659327e+02
-3.268194218802794921e+02
-3.280460820868694896e+02
-3.273058590574759137e+02
-3.237739675691497041e+02
-3.437384406843302713e+02
-3.382353239876021007e+02
-3.301613629982159637e+02
-3.261601504261011542e+02
-3.273324487296087568e+02
-3.271518704206852135e+02
-3.274890640215279518e+02
-3.284275501315383963e+02
-3.323161234601869864e+02
-3.264958075085812652e+02
-3.313509389871509256e+02
-3.302529686389918879e+02
-3.328099448505504938e+02
-3.249280355248472461e+02
-3.262649416431960390e+02
-3.279534987737556548e+02
-3.295202087969106515e+02
-3.423518138630314525e+02
-3.295997132782860035e+02
-3.429128082216859070e+02
-3.394290924974378640e+02
-3.313734234404792574e+02
-3.302094917311439985e+02
-3.274092097401564843e+02
-3.262783004362801194e+02
-3.309624567667779047e+02
-3.411737367094469278e+02
-3.343123675953914358e+02
-3.310590780179329613e+02
-3.457048291021341129e+02
-3.274231275392014027e+02
-3.235683438929005433e+02
-3.248070488970989800e+02
-3.306230007272363878e+02
-3.372447204010557584e+02
-3.282215184594377888e+02
-3.334540125334667664e+02
-3.307763190475475881e+02
-3.406036828911396128e+02
-3.424830936391211935e+02
-3.232182515799723888e+02
-3.416746586534369499e+02
-3.330659037422496453e+02
-3.253946681666387803e+02
-3.273212649119299158e+02
-3.325422589376832434e+02
-3.310553343382141520e+02
-3.249002185097012898e+02
-3.350519317754071835e+02
-3.346538404023942803e+02
-3.266740036312648954e+02
-3.421869819818218161e+02
-3.330295053656490722e+02
-3.285302863505433493e+02
-3.313597989466372837e+02
-3.332504370622859824e+02
-3.256793018039610388e+02
-3.225074770413557985e+02
-3.262744510714094304e+02
-3.377034294549903279e+02
-3.271725711829707848e+02
-3.295044746765915988e+02
-3.255436599778814752e+02
-3.299654395829869600e+02
-3.306265897869411674e+02
-3.224016147135981782e+02
-3.369579137991115658e+02
-3.308722620578968190e+02
-3.373815691044804339e+02
-3.293689195350783621e+02
-3.312782883711623185e+02
-3.291668839625141345e+02
-3.342254546158676476e+02
-3.309389828855490805e+02
-3.340038323289388700e+02
-3.231747427818656888e+02
-3.281881741044004457e+02
-3.393004468977335364e+02
-3.309939704150486932e+02
-3.320900713169708069e+02
-3.451197007379105344e+02
-3.274255050719533529e+02
-3.268971126730507422e+02
-3.274250385438160720e+02
-3.277927581661493832e+02
-3.298418103703465931e+02
-3.289601803926196908e+02
-3.313039825495628179e+02
-3.267347035528188144e+02
-3.291486890350744261e+02
-3.272623564198894428e+02
-3.367864628550465227e+02
-3.234402937790993633e+02
-3.429019687733195383e+02
-3.350321062233456928e+02
-3.250923649173910235e+02
-3.316697296832896882e+02
-3.300621555750263383e+02
-3.224989516458524008e+02
-3.413343010278135807e+02
-3.321888478149325010e+02
-3.402027718676897621e+02
-3.385766877695607491e+02
-3.243587876624163755e+02
-3.317237114554395703e+02
-3.344949779698682732e+02
-3.267920683634272905e+02
-3.224524130020394068e+02
-3.287450702673195337e+02
-3.286517501523625242e+02
-3.281705002533392417e+02
-3.290230810103691965e+02
-3.273010238349825727e+02
-3.266401629654350245e+02
-3.278578205808581743e+02
-3.298247712527327167e+02
-3.271663496323138816e+02
-3.289618195165334669e+02
-3.410348799539187894e+02
-3.373590966980907524e+02
-3.257398535731517200e+02
-3.308937134079882298e+02
-3.282919168838654969e+02
-3.293284223330932718e+02
-3.341029386672575470e+02
-3.263615461557571962e+02
-3.312204743182597326e+02
-3.251266785244582138e+02
-3.244717804705150570e+02
-3.409376011082980540e+02
-3.446324000296173722e+02
-3.256586425533228635e+02
-3.388115958026376120e+02
-3.275604764801375381e+02
-3.413779430148513825e+02
-3.282579433476282134e+02
-3.278245688442440269e+02
-3.301386142191179260e+02
-3.309276866131647239e+02
-3.293858168037320979e+02
-3.294760224274641587e+02
-3.409423628968629600e+02
-3.359739666917078011e+02
-3.229283247551648515e+02
-3.281523714263183820e+02
-3.278822589493630062e+02
-3.345611737668693877e+02
-3.299167796081023880e+02
-3.241426168057846553e+02
-3.267038753730057579e+02
-3.288838463094515419e+02
-3.296417507824172617e+02
-3.302881470982064229e+02
-3.530391801585723215e+02
-3.357529167380843091e+02
-3.291532392520725807e+02
-3.279053404746794058e+02
-3.316288018750014999e+02
-3.414338496523545246e+02
-3.330328574972348861e+02
-3.289327427116852505e+02
-3.261769050936823078e+02
-3.294145917503884675e+02
-3.256263728774018205e+02
-3.260228430880631549e+02
-3.300994685626465071e+02
-3.272522241906913223e+02
-3.447201640815843575e+02
-3.254815374292613797e+02
-3.274131343970149146e+02
-3.232494218815816680e+02
-3.336487340979628016e+02
-3.344897821449095545e+02
-3.291542120638492861e+02
-3.268549126221095094e+02
-3.277673147731751442e+02
-3.401060063296411045e+02
-3.304302218990053461e+02
-3.299579564706175461e+02
-3.445865721929816345e+02
-3.271277143205611537e+02
-3.289846476867965066e+02
-3.259415723207745827e+02
-3.371666680090837644e+02
-3.294049395779973111e+02
-3.335950371589126462e+02
-3.239924919305325375e+02
-3.339230437160725842e+02
-3.303714403723984105e+02
-3.310244336887882923e+02
-3.344691144432221677e+02
-3.237544072553873207e+02
-3.433387337847209437e+02
-3.281409942652884979e+02
-3.260896860420400571e+02
-3.275587857274532553e+02
-3.315931910950649808e+02
-3.316370193316622590e+02
-3.250897658486248929e+02
-3.282794309800808037e+02
-3.278177002328655476e+02
-3.282800373532015215e+02
-3.298170811503784421e+02
-3.281940449152792780e+02
-3.250426314818399760e+02
-3.243198314687668926e+02
-3.299764000735712557e+02
-3.303611225371330420e+02
-3.289875082444351619e+02
-3.255988640578357263e+02
-3.271057974593424547e+02
-3.313973793630982527e+02
-3.314475892749840114e+02
-3.325102712124077584e+02
-3.318632307048983421e+02
-3.264623068348466859e+02
-3.242219077935134806e+02
-3.261421243293843872e+02
-3.293211290321661977e+02
-3.258718128489861101e+02
-3.298185012469838284e+02
-3.438468986368509377e+02
-3.408175771608606510e+02
-3.427653879525365141e+02
-3.272075381956392448e+02
-3.246963187378469797e+02
-3.270960925682483094e+02
-3.476279287219510934e+02
-3.270856475237353607e+02
-3.291498477021676763e+02
-3.412599904154788533e+02
-3.321871822680276978e+02
-3.381850367768943784e+02
-3.262863403255753383e+02
-3.281663433814270547e+02
-3.286960729913413388e+02
-3.310355768475006357e+02
-3.311948263749391685e+02
-3.278315005495824153e+02
-3.422802250184429340e+02
-3.365163694139888548e+02
-3.428066471986614943e+02
-3.414263643076227481e+02
-3.389827389827485149e+02
-3.268460081951717484e+02
-3.307284410815282172e+02
-3.277874923702285059e+02
-3.312025213470564609e+02
-3.255784353403015530e+02
-3.272570713624215841e+02
-3.276291072027565860e+02
-3.430123418542892182e+02
-3.383983949627175889e+02
-3.448669416170959607e+02
-3.306765415783048638e+02
-3.259601113136301365e+02
-3.276262138401577886e+02
-3.294327242904519153e+02
-3.260901604648986449e+02
-3.319808517796201386e+02
-3.332702391774552098e+02
-3.366490320348244722e+02
-3.279736661592905875e+02
-3.296797905863276696e+02
-3.295309611339600337e+02
-3.288585310839927729e+02
-3.281414828526880569e+02
-3.321511038456329743e+02
-3.358754106869175757e+02
-3.268952228180583575e+02
-3.331930257353458842e+02
-3.271519511562700586e+02
-3.297140527490547584e+02
-3.300353898391438747e+02
-3.322478581857566269e+02
-3.233044969408987868e+02
-3.290778261079184972e+02
-3.316130067224445952e+02
-3.274498345966962347e+02
-3.284455134388794022e+02
-3.216092011552271401e+02
-3.264920704819630828e+02
-3.302555196187302613e+02
-3.361294926357268764e+02
-3.283391122818221675e+02
-3.287173544790590540e+02
-3.266751929349698571e+02
-3.503467326547734615e+02
-3.371363027016223555e+02
-3.285726001576496174e+02
-3.254077981317399804e+02
-3.309779920240441697e+02
-3.311069468363220949e+02
-3.296228351087685269e+02
-3.312124641162627654e+02
-3.285046695412422650e+02
-3.274548646551360207e+02
-3.423794158224184230e+02
-3.274459466214589156e+02
-3.309607930170183181e+02
-3.298769550318617121e+02
-3.299914938084926916e+02
-3.444061674566747229e+02
-3.286257998358121881e+02
-3.311616400084431007e+02
-3.273894236125530597e+02
-3.327457870069791852e+02
-3.352399308340105222e+02
-3.281904498960266778e+02
-3.331406852984165425e+02
-3.270718558172767416e+02
-3.333070752792863800e+02
-3.271072403713909011e+02
-3.339631847944804122e+02
-3.319768852377305848e+02
-3.292952692547012248e+02
-3.268550523597427286e+02
-3.443572008256474533e+02
-3.416166290327438446e+02
-3.445989120998527255e+02
-3.304818125660424926e+02
-3.280750235329867905e+02
-3.237091321632814243e+02
-3.289388643567205577e+02
-3.416335947863257729e+02
-3.289485596250020194e+02
-3.289645062925696948e+02
-3.284261187997862521e+02
-3.285353613108567856e+02
-3.289157378292049430e+02
-3.393838189379359846e+02
-3.288829769276457569e+02
-3.267892214641271948e+02
-3.285163802957346206e+02
-3.313745150466028804e+02
-3.351464390254320733e+02
-3.268909625430590040e+02
-3.435369455542661399e+02
-3.242411657395753082e+02
-3.268504961277490111e+02
-3.262326864835375204e+02
-3.303433186302295326e+02
-3.288755409684223423e+02
-3.262105483008284637e+02
-3.277867616383364862e+02
-3.301722169761106898e+02
-3.327190291879501274e+02
-3.276014841156302282e+02
-3.325359284353066869e+02
-3.283356142826343103e+02
-3.326801312401148039e+02
-3.267399723893600481e+02
-3.261765373843625184e+02
-3.317298232282844310e+02
-3.303459216418523283e+02
-3.295550627524172569e+02
-3.321852799391845110e+02
-3.283398566678442876e+02
-3.322819635246049756e+02
-3.289449687916986704e+02
-3.297855123962815469e+02
-3.270080882890296152e+02
-3.284535281844521819e+02
-3.283615433100344490e+02
-3.314339893048393151e+02
-3.285041728502997103e+02
-3.337286624838029638e+02
-3.348185772046147690e+02
-3.263728605122147428e+02
-3.350627467184294801e+02
-3.338168293358070855e+02
-3.273471592479147603e+02
-3.406928882588408669e+02
-3.256649955602170508e+02
-3.437943972714116967e+02
-3.256705201265349388e+02
-3.291733628198059023e+02
-3.305354950088542410e+02
-3.268064835261943699e+02
-3.307909601210949404e+02
-3.445656905766975910e+02
-3.251688044044441313e+02
-3.291156131831422158e+02
-3.265633919700347292e+02
-3.341978646289570634e+02
-3.319761043235903344e+02
-3.292101691173617724e+02
-3.428944009426463708e+02
-3.289619718868145810e+02
-3.246797632449683988e+02
-3.280198151007880938e+02
-3.313575415271636757e+02
-3.311784395752465571e+02
-3.310837608396813607e+02
-3.252808085117287646e+02
-3.273715879009314449e+02
-3.251378173964881739e+02
-3.404637492372961560e+02
-3.486140313439115062e+02
-3.291936881725092121e+02
-3.318718466897513508e+02
-3.264250448215616416e+02
-3.294275435822639224e+02
-3.322837253662212333e+02
-3.290028493847639766e+02
-3.313653532909234514e+02
-3.298171677595896085e+02
-3.322878365872730342e+02
-3.298228098173047442e+02
-3.274284425879557148e+02
-3.377019459947260316e+02
-3.274564968459822012e+02
-3.407759387652314444e+02
-3.351160523063258552e+02
-3.232614281509257808e+02
-3.275434437606867846e+02
-3.280715119242281617e+02
-3.283457210574222813e+02
-3.352936155998136201e+02
-3.323937739469612325e+02
-3.250527917210116584e+02
-3.290491138122405914e+02
-3.297035754654600055e+02
-3.310169372948104183e+02
-3.450312182126466496e+02
-3.259462033026760537e+02
-3.288882207865165128e+02
-3.322981344672193700e+02
-3.280291695386880519e+02
-3.285483089182780532e+02
-3.300391480943185343e+02
-3.281859368793982412e+02
-3.257596543468901018e+02
-3.300739674547814957e+02
-3.244638741516013738e+02
-3.374896916562007050e+02
-3.284349796807939015e+02
-3.331967772583584519e+02
-3.271509561475779719e+02
-3.273638030513346848e+02
-3.299888206118219500e+02
-3.334550490970012788e+02
-3.424003458873477257e+02
-3.250884560044568161e+02
-3.428819577659372726e+02
-3.299996901234749771e+02
-3.265873659608445223e+02
-3.305775536275220929e+02
-3.292784857701250303e+02
-3.261365378788090084e+02
-3.417027808419524035e+02
-3.255001604038310461e+02
-3.398061007465234979e+02
-3.265558269509444358e+02
-3.299635057257490871e+02
-3.303286038814053427e+02
-3.265332028056076297e+02
-3.284933414587623020e+02
-3.270591311689878466e+02
-3.319592994521489686e+02
-3.265076594551636617e+02
-3.283976430526288368e+02
-3.266685300355414938e+02
-3.302449588835176542e+02
-3.267841067519403282e+02
-3.280958186297982593e+02
-3.295011941082438511e+02
-3.244919085822747320e+02
-3.321902605397541492e+02
-3.493233338501744925e+02
-3.334561107740470334e+02
-3.320072537559879038e+02
-3.263176241996267208e+02
-3.264295058247118959e+02
-3.332162777467079309e+02
-3.333863541028302961e+02
-3.298265801602476586e+02
-3.303608721986659589e+02
-3.252048740881766662e+02
-3.299687671571261944e+02
-3.288215696574657159e+02
-3.311704099418597025e+02
-3.308438008693618144e+02
-3.288992431432108106e+02
-3.265468124150796712e+02
-3.293182422146419981e+02
-3.273696715362897294e+02
-3.234019412358383079e+02
-3.264592008409968571e+02
-3.420200238074210120e+02
-3.313460496545807814e+02
-3.344404690198676917e+02
-3.269779400661680029e+02
-3.280058436471566097e+02
-3.463478133173000515e+02
-3.266372104028458239e+02
-3.296646492461825346e+02
-3.434615935872085402e+02
-3.286150434554530193e+02
-3.348177073115260214e+02
-3.300357470308418328e+02
-3.276532234701003290e+02
-3.398604282127058127e+02
-3.329205013937663580e+02
-3.258331192553484357e+02
-3.311082614126693215e+02
-3.282465491158333180e+02
-3.254160753620358264e+02
-3.287145378153013553e+02
-3.364838322704135862e+02
-3.358684612250359010e+02
-3.353836489970323100e+02
-3.478820077941823570e+02
-3.276580281106142820e+02
-3.253718254510256429e+02
-3.278288741421945360e+02
-3.290515593111232420e+02
-3.263465120985239309e+02
-3.308186723058111056e+02
-3.279347237254846164e+02
-3.256652429776802364e+02
-3.354375444870890988e+02
-3.274396542262611547e+02
-3.316073460269354882e+02
-3.304667007461271169e+02
-3.276693434200570891e+02
-3.270304437127647361e+02
-3.270680329851655870e+02
-3.327570528598765804e+02
-3.294406548543017834e+02
-3.313302378117693934e+02
-3.272101265557271290e+02
-3.322228841749503090e+02
-3.421990745781765213e+02
-3.440009419522474445e+02
-3.445616519379061060e+02
-3.393806081078121224e+02
-3.390435294685091776e+02
-3.241185173686897087e+02
-3.308999273740406579e+02
-3.271295501469122655e+02
-3.302472719136337673e+02
-3.346949693172687148e+02
-3.307524110965701993e+02
-3.443396857872901364e+02
-3.296855907804139179e+02
-3.314658626984675038e+02
-3.300484752053686179e+02
-3.276712555282512653e+02
-3.309154031557048938e+02
-3.315681420947425977e+02
-3.365350698973398949e+02
-3.448154534777313529e+02
-3.294232268476827130e+02
-3.311152334818052623e+02
-3.316327258725644924e+02
-3.387172272678268996e+02
-3.280634955391927861e+02
-3.490921182004168486e+02
-3.258332722739746714e+02
-3.237898390144718519e+02
-3.217438699475990234e+02
-3.305628228614659747e+02
-3.335761170268121987e+02
-3.283660229551089742e+02
-3.231387156687087554e+02
-3.252300927010111309e+02
-3.273317484215521063e+02
-3.406851945716053365e+02
-3.286453941951091906e+02
-3.330109909724279760e+02
-3.315897620282376010e+02
-3.279410357086084673e+02
-3.312105463564047909e+02
-3.433713785244226528e+02
-3.258148790327655888e+02
-3.333454516423052496e+02
-3.283126348407970454e+02
-3.392202486258752856e+02
-3.289932437136777708e+02
-3.332087266438308006e+02
-3.275100645018096657e+02
-3.307694635268205730e+02
-3.247189837243745387e+02
-3.313077021645691502e+02
-3.306378954203506169e+02
-3.268950409826446730e+02
-3.258451402454849699e+02
-3.258057068910504768e+02
-3.436049628429810809e+02
-3.262956197960965028e+02
-3.296936667283865745e+02
-3.395709728298869550e+02
-3.312251519895869478e+02
-3.262179443684633497e+02
-3.291464921438655438e+02
-3.312331604757898731e+02
-3.299370278246277621e+02
-3.303746770505305221e+02
-3.361369639608539615e+02
-3.328829331806379628e+02
-3.320386017283700539e+02
-3.268992950888615496e+02
-3.353460634984849662e+02
-3.408029039482545954e+02
-3.291060748013160833e+02
-3.456231359888386692e+02
-3.307901795680555210e+02
-3.425448004686259083e+02
-3.324986277157656787e+02
-3.235469396033430485e+02
-3.262280926717920693e+02
-3.319380891297481071e+02
-3.300166685173712722e+02
-3.262488899403328446e+02
-3.357758701098745178e+02
-3.267131654428918068e+02
-3.276863472489102378e+02
-3.282476328333430615e+02
-3.296511341798609465e+02
-3.338319504831417817e+02
-3.252731045127883363e+02
-3.263435759869292951e+02
-3.450903547899122259e+02
