Model: lognorm
Real logL: -140.16467923139092
Mean sim logL: -334.0410231849672
Std sim logL: 2.923889396742534
Delta TS: 193.87634395357625
Significance: 66.30768734603002 sigma
TS_sim array:
-3.307644095815565493e+02
-3.284830822298918065e+02
-3.315167214475624746e+02
-3.333135443124594985e+02
-3.312327061414000582e+02
-3.360582717788190621e+02
-3.370845922387010205e+02
-3.342944691116102831e+02
-3.355165852569778053e+02
-3.303114179326408930e+02
-3.326602111935748098e+02
-3.294487932346987691e+02
-3.358364702793954280e+02
-3.335597189309703481e+02
-3.309445522841749039e+02
-3.326686622303399190e+02
-3.339625154728548750e+02
-3.356022637415234158e+02
-3.296454135084630366e+02
-3.348915698911021650e+02
-3.338499111943255571e+02
-3.337114481188986019e+02
-3.384459670426435878e+02
-3.347262924199837357e+02
-3.364696984131434760e+02
-3.363944772651923927e+02
-3.399715092143946435e+02
-3.332396190265316136e+02
-3.386220494767673017e+02
-3.329534616892785834e+02
-3.305535556638035359e+02
-3.352698442124615212e+02
-3.372382740705288597e+02
-3.315926293582296012e+02
-3.374192555006399061e+02
-3.310995213568411373e+02
-3.344406586759840252e+02
-3.410934055674025558e+02
-3.289191856250686214e+02
-3.310727879231683346e+02
-3.317564248063301875e+02
-3.299267378400165853e+02
-3.435505326479881205e+02
-3.340121553020225065e+02
-3.264807828134643160e+02
-3.315200670906486380e+02
-3.360254248312311347e+02
-3.322907375846900777e+02
-3.328785269860391054e+02
-3.362678302516506506e+02
-3.327848667048054949e+02
-3.377391842876883175e+02
-3.309466191888897129e+02
-3.309122673633359000e+02
-3.355811647222029137e+02
-3.363759857100798172e+02
-3.338854218075929339e+02
-3.270449159196352866e+02
-3.258266079692916719e+02
-3.338625213896493733e+02
-3.377800385596349884e+02
-3.350630982176217003e+02
-3.335986239274444074e+02
-3.360653180061245848e+02
-3.375762836801571893e+02
-3.365143379458029926e+02
-3.352112428237815038e+02
-3.336380974056013997e+02
-3.322939786818222956e+02
-3.354738479835009457e+02
-3.284166791600415536e+02
-3.312416601257212392e+02
-3.332356277271643421e+02
-3.396852279660826071e+02
-3.364273283944552873e+02
-3.346507066007739013e+02
-3.379982277063636502e+02
-3.344436894507232410e+02
-3.345162371104719341e+02
-3.341583197289205600e+02
-3.351614045851619039e+02
-3.388260698485311764e+02
-3.333621633543518215e+02
-3.321259792949245480e+02
-3.344506091552360658e+02
-3.361644976206588353e+02
-3.372804192825666405e+02
-3.357476065642109688e+02
-3.320167167734275608e+02
-3.361820445682175773e+02
-3.347432523947603045e+02
-3.365409644992656695e+02
-3.288686855811274654e+02
-3.312302220868284621e+02
-3.357434016916412816e+02
-3.299197359232898634e+02
-3.347167369974229700e+02
-3.303353837399975532e+02
-3.265253967326028146e+02
-3.342101226541968799e+02
-3.344742188744355076e+02
-3.352199416211126390e+02
-3.374723099325583462e+02
-3.332513007720302767e+02
-3.336776858674643904e+02
-3.325751217792901571e+02
-3.328676369076461015e+02
-3.308355565490790582e+02
-3.359864237922230927e+02
-3.375192721688754318e+02
-3.315777151347218705e+02
-3.327518505914110847e+02
-3.362944125884451978e+02
-3.353019050581884812e+02
-3.366674583397389142e+02
-3.340979848246149118e+02
-3.343752932524732273e+02
-3.332176871114842243e+02
-3.324695865970070372e+02
-3.394028456084244567e+02
-3.418187441020592132e+02
-3.333125174683449359e+02
-3.410326318341923297e+02
-3.328842872010021097e+02
-3.387537093454579917e+02
-3.386526418328271575e+02
-3.359895097956413679e+02
-3.311990082792456178e+02
-3.385955745274586093e+02
-3.375754067408703349e+02
-3.361335678119831982e+02
-3.336305167998434058e+02
-3.331561928936055210e+02
-3.365735389985848087e+02
-3.404999222785733082e+02
-3.290798328844212506e+02
-3.368560179347054486e+02
-3.372933508753841352e+02
-3.353265858282036334e+02
-3.329034965251429412e+02
-3.374122468328756099e+02
-3.317906923718575172e+02
-3.303447134916694949e+02
-3.315339854368319266e+02
-3.356207168746060461e+02
-3.317994965052999419e+02
-3.344612564108288097e+02
-3.312399611921114229e+02
-3.355349929233422017e+02
-3.379920492592092387e+02
-3.351807776614831482e+02
-3.382151544429976866e+02
-3.331703278973762963e+02
-3.339054616968445544e+02
-3.365350283754923453e+02
-3.259592414415743633e+02
-3.392148086140402370e+02
-3.327945819344362803e+02
-3.277927109400675363e+02
-3.312445932428016704e+02
-3.334690744912520017e+02
-3.296214491716804673e+02
-3.357782841659670794e+02
-3.275038188627375462e+02
-3.317024486098683838e+02
-3.310104375316475966e+02
-3.356187375364801255e+02
-3.346875083991529891e+02
-3.337277049824127744e+02
-3.345739332856568353e+02
-3.333344807204330209e+02
-3.291340838304411136e+02
-3.382498359267302703e+02
-3.334566507389271237e+02
-3.388202952194495765e+02
-3.309469823599854408e+02
-3.352331548960110013e+02
-3.363050157330734464e+02
-3.345979195368181536e+02
-3.376505834821739427e+02
-3.383637457044892471e+02
-3.332675830158796657e+02
-3.371255811025150706e+02
-3.334588728209851638e+02
-3.332698527867707980e+02
-3.389268925738903135e+02
-3.398575798663397904e+02
-3.383061677073461624e+02
-3.303642489830646127e+02
-3.403667801248648175e+02
-3.349480198147280134e+02
-3.372052489344548576e+02
-3.314809184442935930e+02
-3.309047436253290471e+02
-3.351509012107424041e+02
-3.362138480972062098e+02
-3.344738424501314853e+02
-3.359336267396394078e+02
-3.321860690570201768e+02
-3.321928113171820200e+02
-3.315493274495438527e+02
-3.354324808782267837e+02
-3.308325370442797180e+02
-3.357846180477617963e+02
-3.346315676357096436e+02
-3.393292698650632246e+02
-3.322351034900135573e+02
-3.306944400995230922e+02
-3.367731869932316613e+02
-3.329683081944646688e+02
-3.336152628725521936e+02
-3.366077817536886982e+02
-3.330433362677771925e+02
-3.345503383591678812e+02
-3.303282841716356870e+02
-3.380313032916514544e+02
-3.356219563029818573e+02
-3.357097522104929226e+02
-3.335375478104722902e+02
-3.352243663889465779e+02
-3.382916724405023388e+02
-3.425447237948651491e+02
-3.357962146831293921e+02
-3.346488988842722279e+02
-3.361829920333632344e+02
-3.301612818283249453e+02
-3.309818351485782273e+02
-3.363021331009352366e+02
-3.416077917071197589e+02
-3.377416821647142910e+02
-3.308569646479072617e+02
-3.303747435050587455e+02
-3.346951120304223650e+02
-3.347641950710752212e+02
-3.342876492672704671e+02
-3.315411638001435222e+02
-3.303876240858558049e+02
-3.299207066000103623e+02
-3.361035711254569378e+02
-3.321154867454882833e+02
-3.322486927697018473e+02
-3.392077945176113758e+02
-3.342462849449020723e+02
-3.346742966390177685e+02
-3.325053782116677894e+02
-3.346102561718341803e+02
-3.262569024654984560e+02
-3.302863447210379491e+02
-3.373504743109572246e+02
-3.339717052145633716e+02
-3.351618342487913651e+02
-3.305118418040970028e+02
-3.356191331710158465e+02
-3.312342773682293000e+02
-3.367788024318215321e+02
-3.342310556716616929e+02
-3.355992797272321013e+02
-3.348746520647906664e+02
-3.306746404339299943e+02
-3.318839007855508498e+02
-3.320228869605275008e+02
-3.344573128439611764e+02
-3.374643995875354108e+02
-3.341552121018720527e+02
-3.345493974951672271e+02
-3.322394611357316307e+02
-3.297800284876669821e+02
-3.303078874279495381e+02
-3.362404821813818216e+02
-3.317004613669535047e+02
-3.357589251840904012e+02
-3.365379407499557374e+02
-3.352022143598916273e+02
-3.309637055612435006e+02
-3.340544496385847424e+02
-3.368535433191572110e+02
-3.348479181592788905e+02
-3.339173924000923535e+02
-3.304796095412036152e+02
-3.344203379286601603e+02
-3.295801673532477025e+02
-3.363368272740556222e+02
-3.365386361511231144e+02
-3.282204053444588112e+02
-3.354036602355255923e+02
-3.295513461235867112e+02
-3.332487521346005224e+02
-3.354716343585073446e+02
-3.292219547338329448e+02
-3.366614816586602501e+02
-3.326577034171780269e+02
-3.329819371612136365e+02
-3.323863579559311461e+02
-3.357100514818968691e+02
-3.338477036444185160e+02
-3.316474381515747609e+02
-3.343439641666324178e+02
-3.324501523746268390e+02
-3.342072066775712074e+02
-3.325167424402768006e+02
-3.378220521969071797e+02
-3.331323387563940059e+02
-3.301576805204438188e+02
-3.334675613823143294e+02
-3.294220618648562322e+02
-3.364007973120461656e+02
-3.328859737023825573e+02
-3.331812505800131703e+02
-3.344819402654243845e+02
-3.321272033601028397e+02
-3.336288936484269243e+02
-3.340911946018196659e+02
-3.333146452505443449e+02
-3.363076257089774117e+02
-3.360168687531416936e+02
-3.338254504777776219e+02
-3.311327474765413399e+02
-3.342463984673049708e+02
-3.353092433701968957e+02
-3.313916663097938908e+02
-3.340689029828062075e+02
-3.392995322804343914e+02
-3.333077581049812466e+02
-3.299048364123694341e+02
-3.322360333890447919e+02
-3.363387229570732870e+02
-3.367002648347677791e+02
-3.310605889299829414e+02
-3.333756551050692565e+02
-3.331949542255816823e+02
-3.343486952384897677e+02
-3.298849082198247515e+02
-3.312696193154256434e+02
-3.352091667894218290e+02
-3.366694699188471986e+02
-3.353181494547584407e+02
-3.371204573956866852e+02
-3.321617826240200202e+02
-3.364797233864919690e+02
-3.338947086194324356e+02
-3.373114586970253868e+02
-3.355078024829258538e+02
-3.360913092268350510e+02
-3.327886729747663139e+02
-3.384499813095907825e+02
-3.317623970474107296e+02
-3.340753283696826088e+02
-3.326895559529463071e+02
-3.356213333436243147e+02
-3.331676695425251182e+02
-3.335234080233635154e+02
-3.364191798211587070e+02
-3.342577238611060579e+02
-3.381003195390752580e+02
-3.323155414106165040e+02
-3.313369428040031153e+02
-3.326137040544543879e+02
-3.343636467012864841e+02
-3.375899395747419476e+02
-3.318341770701119913e+02
-3.318760576823834754e+02
-3.306253762684506228e+02
-3.360743939762065793e+02
-3.267716138366688483e+02
-3.330124576586475769e+02
-3.368643340719173125e+02
-3.309926257249945820e+02
-3.336609654949697870e+02
-3.333669515427873193e+02
-3.324837564718258136e+02
-3.364179783437252809e+02
-3.337463041801802319e+02
-3.363805776414503157e+02
-3.351658200308618802e+02
-3.355839787641625662e+02
-3.328734873956827869e+02
-3.324792836422350319e+02
-3.377451330632276836e+02
-3.357433145629805153e+02
-3.347443070473667035e+02
-3.329837442931117835e+02
-3.331734054627972910e+02
-3.358969770515488449e+02
-3.405591984020263681e+02
-3.311307030825633433e+02
-3.357031773733864952e+02
-3.314594458634740022e+02
-3.364327303330244376e+02
-3.326400871038237597e+02
-3.329768319960411418e+02
-3.340831614638728979e+02
-3.339541490856242376e+02
-3.298710050811815790e+02
-3.362140422948183982e+02
-3.366745709058350258e+02
-3.343569332981091407e+02
-3.333143339858305012e+02
-3.383539885199632522e+02
-3.357957465620996800e+02
-3.321837198465948404e+02
-3.355153776401311916e+02
-3.286560488773748148e+02
-3.351483787034032957e+02
-3.331715153455860445e+02
-3.347744982148672648e+02
-3.322869499333284011e+02
-3.374182107559918222e+02
-3.335658923462536904e+02
-3.380463079296766296e+02
-3.338857621351792204e+02
-3.336335442993035940e+02
-3.345451572303662147e+02
-3.319668039265483799e+02
-3.327761651789064672e+02
-3.334991256307525873e+02
-3.357941426169307988e+02
-3.257126722657894788e+02
-3.355883503030786414e+02
-3.335507697068083530e+02
-3.342249947951129911e+02
-3.379299387288181151e+02
-3.345738420678478633e+02
-3.365357340933140335e+02
-3.331321192512733660e+02
-3.372407448837631136e+02
-3.386213985129960520e+02
-3.295707372046431374e+02
-3.322438187470493745e+02
-3.385009307141143609e+02
-3.350314295651892280e+02
-3.280961862085721350e+02
-3.327447846164490102e+02
-3.375466716950122077e+02
-3.304140497907222311e+02
-3.335386389326071708e+02
-3.349567968181103197e+02
-3.319721792328249421e+02
-3.380096742450832608e+02
-3.394321199259761670e+02
-3.332854427224871188e+02
-3.373353739328924803e+02
-3.338615078616775236e+02
-3.355125010476907619e+02
-3.338119778708769445e+02
-3.342506722337824954e+02
-3.395248622062496793e+02
-3.363939222735220937e+02
-3.349342795122691996e+02
-3.303022249413252212e+02
-3.329330173660451919e+02
-3.361986714427102356e+02
-3.352699433628030761e+02
-3.311777593193957614e+02
-3.352504739316851783e+02
-3.367330470100002344e+02
-3.309690368476033200e+02
-3.367942900353606319e+02
-3.325741519670910407e+02
-3.348170579117463603e+02
-3.316960525995394846e+02
-3.324744259364540540e+02
-3.320224037628489668e+02
-3.355307115865142578e+02
-3.337830429687844003e+02
-3.351452246981788221e+02
-3.364896233929849814e+02
-3.370938074630875008e+02
-3.340274146656324774e+02
-3.362133731749762546e+02
-3.352195525595265053e+02
-3.337466476576230434e+02
-3.348555495995556157e+02
-3.286332173689185652e+02
-3.308885237220033559e+02
-3.346985162335763562e+02
-3.334570932147737494e+02
-3.348378873861950638e+02
-3.305539102228990487e+02
-3.383517021975154080e+02
-3.336601893555526317e+02
-3.334033511970813493e+02
-3.345671493175628370e+02
-3.386904428638458171e+02
-3.338351896529980536e+02
-3.312516887131000658e+02
-3.355061668497617120e+02
-3.335228914067934056e+02
-3.357986412082706238e+02
-3.356682658310714373e+02
-3.365637708813406448e+02
-3.327423750032463090e+02
-3.364627388594200283e+02
-3.321914941906208014e+02
-3.321714547752597468e+02
-3.359080604488952986e+02
-3.358611452951377601e+02
-3.354692940793549383e+02
-3.302432279193815248e+02
-3.358218469565806572e+02
-3.299234454643949448e+02
-3.310690739946202825e+02
-3.296670498427540110e+02
-3.298175150741494690e+02
-3.399488549571956355e+02
-3.360224081105875484e+02
-3.351589939115015113e+02
-3.319708421847498130e+02
-3.269873872306983458e+02
-3.339399496666620735e+02
-3.354849526869812166e+02
-3.320703357167903960e+02
-3.294436900939039674e+02
-3.328558803094340419e+02
-3.376000807693653769e+02
-3.361540575011925966e+02
-3.361776119710979174e+02
-3.323590029025657486e+02
-3.353693421589896388e+02
-3.373163909288265359e+02
-3.313065306457701809e+02
-3.331634654430876594e+02
-3.303096937135566122e+02
-3.347011080722371617e+02
-3.334360316863379126e+02
-3.398164005617585985e+02
-3.343745559818387960e+02
-3.342687024764168768e+02
-3.291989171900012252e+02
-3.337297168707900710e+02
-3.379121003756125674e+02
-3.337879724088957119e+02
-3.318612088348459110e+02
-3.335304905426111191e+02
-3.362515089178468202e+02
-3.346878042639983732e+02
-3.312752437560702674e+02
-3.352533453654771165e+02
-3.306006610294988377e+02
-3.288300081953491372e+02
-3.355680465077026611e+02
-3.316237432449329390e+02
-3.293838254943807442e+02
-3.369363131625620440e+02
-3.354476429031867610e+02
-3.381509581464211465e+02
-3.353431270873549579e+02
-3.372165980661217191e+02
-3.392173671051979227e+02
-3.334809695247680565e+02
-3.395591564907238080e+02
-3.343918413437304480e+02
-3.336362809118667769e+02
-3.339868506595271924e+02
-3.282966792893936372e+02
-3.358712947098574659e+02
-3.379838698136912853e+02
-3.312156279627677122e+02
-3.325665925974803940e+02
-3.303420605511128088e+02
-3.383342233204905938e+02
-3.345946186503039144e+02
-3.368076087817645430e+02
-3.280083526377304679e+02
-3.387418151508825304e+02
-3.326004966344688114e+02
-3.309233802267748388e+02
-3.337654930558472302e+02
-3.327129716344610415e+02
-3.356529223815845171e+02
-3.329364150371112601e+02
-3.317383606559533291e+02
-3.316178962256888099e+02
-3.308770808437467394e+02
-3.398239336941401803e+02
-3.342467034215441117e+02
-3.377809442743508725e+02
-3.314440953134119354e+02
-3.340305520986390206e+02
-3.343439392030315958e+02
-3.339875004328023351e+02
-3.346036037615147052e+02
-3.341016273784428563e+02
-3.355144567703439975e+02
-3.298447483784789256e+02
-3.321520217945792410e+02
-3.358743208723118414e+02
-3.305819963842557172e+02
-3.346089407337441344e+02
-3.373077118631083522e+02
-3.308509842559051322e+02
-3.377663779075098773e+02
-3.329163396968004349e+02
-3.282613224868674706e+02
-3.279145081745272705e+02
-3.288928746059024206e+02
-3.371359088781567834e+02
-3.324720131595595944e+02
-3.342321167605500705e+02
-3.351144757021393161e+02
-3.316200769447539187e+02
-3.324692235522703641e+02
-3.373429805914357189e+02
-3.350858352721801339e+02
-3.321156521736509148e+02
-3.357107214953814491e+02
-3.315392556740685563e+02
-3.335847230025901808e+02
-3.368170412421213769e+02
-3.328012793352655194e+02
-3.377310768256226083e+02
-3.377460114735358729e+02
-3.354048958490830046e+02
-3.335022668667446055e+02
-3.358101673936387215e+02
-3.319087960804801583e+02
-3.381557143252961737e+02
-3.375707953298446000e+02
-3.345674168752405535e+02
-3.310748246534746499e+02
-3.320036921962739598e+02
-3.352409131783628027e+02
-3.318531070886494945e+02
-3.322580271665204350e+02
-3.321807278676442365e+02
-3.320473412131663054e+02
-3.317106279044272696e+02
-3.309375846851730785e+02
-3.349315702182797168e+02
-3.368275299831628899e+02
-3.344021896970904209e+02
-3.362208445589415078e+02
-3.295556390289893898e+02
-3.381091564264478961e+02
-3.344587078411120729e+02
-3.320522986696066710e+02
-3.333850818199159107e+02
-3.340737832876261564e+02
-3.347020668877368053e+02
-3.317749137882108812e+02
-3.368438385495039711e+02
-3.381363325484865072e+02
-3.369676812292544241e+02
-3.345557857466872065e+02
-3.342932476318187014e+02
-3.323353545327123584e+02
-3.328836827905067253e+02
-3.347398258385273948e+02
-3.377747097676428893e+02
-3.320870365081531190e+02
-3.371222426876402096e+02
-3.288536054677572338e+02
-3.341446051444774525e+02
-3.328471791439886829e+02
-3.321928686371549588e+02
-3.351916315594045841e+02
-3.343545296471691017e+02
-3.325029933519545011e+02
-3.361304467230698947e+02
-3.315482076761519465e+02
-3.329358892888589025e+02
-3.348257278395244612e+02
-3.273055918683582490e+02
-3.297665495079554034e+02
-3.345535244251127551e+02
-3.347533495666071985e+02
-3.307038594167075303e+02
-3.307974899737890837e+02
-3.369666399403048445e+02
-3.394790232218207393e+02
-3.360816710917113141e+02
-3.297784626526906209e+02
-3.342428888486965661e+02
-3.331129659487846766e+02
-3.346501282840434897e+02
-3.349628766373248254e+02
-3.347277075760783873e+02
-3.347950935058819937e+02
-3.333821998314354573e+02
-3.337383875784328211e+02
-3.324479429339868375e+02
-3.328656209615936632e+02
-3.325882433181175202e+02
-3.361435584554945990e+02
-3.358336745245509292e+02
-3.347750916109718560e+02
-3.351186629926736487e+02
-3.343785726893353285e+02
-3.369979390851914332e+02
-3.378225718283757715e+02
-3.368897794265215566e+02
-3.286701828577925539e+02
-3.302644509270539857e+02
-3.370924857181246352e+02
-3.332776739587721977e+02
-3.345482258990438140e+02
-3.271055295465970403e+02
-3.333466446994766557e+02
-3.327982705363590412e+02
-3.339254373611285018e+02
-3.285361019034072569e+02
-3.347885050537997813e+02
-3.301331398041614307e+02
-3.326812331543972050e+02
-3.320752253564440934e+02
-3.340782524302760521e+02
-3.412701651394436908e+02
-3.305775073834657860e+02
-3.330324992348324145e+02
-3.333513634576452205e+02
-3.301374249034345780e+02
-3.327040767591126951e+02
-3.316572893966900892e+02
-3.339053380953322403e+02
-3.309302236457526760e+02
-3.343483717374535900e+02
-3.314800573720368675e+02
-3.333725195019893590e+02
-3.349086980780066938e+02
-3.356240761375265151e+02
-3.352001672924763511e+02
-3.324534761860153367e+02
-3.388444818552026163e+02
-3.358398495314567640e+02
-3.315676744506549767e+02
-3.277044087943910426e+02
-3.344538464767272785e+02
-3.342291636443628704e+02
-3.327889686068083961e+02
-3.331336333881640712e+02
-3.368552928706636180e+02
-3.274923513611062162e+02
-3.321453200972720197e+02
-3.404364084730524951e+02
-3.333266725461336364e+02
-3.361715322276421603e+02
-3.368170930712432778e+02
-3.351245580143557277e+02
-3.362496064127113300e+02
-3.402870094827335379e+02
-3.377625953031538870e+02
-3.352511550698698670e+02
-3.355137575570293507e+02
-3.349397948882016181e+02
-3.348499016022115029e+02
-3.350398506728612347e+02
-3.339238418208353210e+02
-3.317778601068903299e+02
-3.359132129354057952e+02
-3.302097584175576230e+02
-3.324615653750943238e+02
-3.304997497751497804e+02
-3.301415274368414430e+02
-3.369282873078238936e+02
-3.304480826288910293e+02
-3.292904203433030261e+02
-3.349424174286333482e+02
-3.376754709210786700e+02
-3.336247514261969513e+02
-3.282672135980664052e+02
-3.341554210868784480e+02
-3.297977420941535911e+02
-3.282831432311763820e+02
-3.341161497279005062e+02
-3.379355974653755084e+02
-3.325498062028530057e+02
-3.363915478982215745e+02
-3.347627183235406960e+02
-3.373329832737389893e+02
-3.362260244161976175e+02
-3.307794847138661112e+02
-3.367262849724779699e+02
-3.294213668212373705e+02
-3.406559712213849025e+02
-3.365679227385837180e+02
-3.312048154432195588e+02
-3.368716805741382814e+02
-3.363412528975876512e+02
-3.342070427029343591e+02
-3.337284011660432839e+02
-3.427509291291480054e+02
-3.342621952710703681e+02
-3.359693702239193840e+02
-3.297473406269782572e+02
-3.316192598273469798e+02
-3.314046422296952983e+02
-3.300853949070209410e+02
-3.347572222518688250e+02
-3.317943964901913887e+02
-3.351999036172113620e+02
-3.359271808894169453e+02
-3.293176039704612208e+02
-3.311426046779603212e+02
-3.265300217270869325e+02
-3.318284777453939682e+02
-3.328179735384525202e+02
-3.353816396603386920e+02
-3.358400817690920803e+02
-3.375058304793691377e+02
-3.387376027866513368e+02
-3.374825058738693428e+02
-3.277959075715483550e+02
-3.370803025664192774e+02
-3.307215587418290852e+02
-3.300830942685221316e+02
-3.350588736088049586e+02
-3.319086300307948250e+02
-3.306294358248945855e+02
-3.353839918475155741e+02
-3.375120878402308335e+02
-3.372783016341198277e+02
-3.340523583836775856e+02
-3.359794944464914579e+02
-3.339894165025847883e+02
-3.340661553756204398e+02
-3.345431578963080597e+02
-3.409179729621986326e+02
-3.318569158159966719e+02
-3.322499475653342529e+02
-3.278128161241427279e+02
-3.363015769570832845e+02
-3.384189771129165365e+02
-3.358735896600072124e+02
-3.335433823460022040e+02
-3.338304068727879894e+02
-3.325814811716595045e+02
-3.345356762129129038e+02
-3.374030561459774162e+02
-3.342936414203061872e+02
-3.345792688807897548e+02
-3.345337542430165740e+02
-3.330922459167774718e+02
-3.364028229725070105e+02
-3.342680572264541752e+02
-3.345612635023048824e+02
-3.354141446842780852e+02
-3.368183631497375359e+02
-3.292501384595833542e+02
-3.326362015987796212e+02
-3.345739337046147739e+02
-3.351623130006002498e+02
-3.363484560111504607e+02
-3.305112659952320087e+02
-3.334839580082820021e+02
-3.334021083315014380e+02
-3.344663845531847528e+02
-3.321075313381857086e+02
-3.286236431759879792e+02
-3.335522540042448441e+02
-3.317524585317814854e+02
-3.316735389848856244e+02
-3.302495067629503751e+02
-3.356071212041438230e+02
-3.352059743579890210e+02
-3.389796105065307756e+02
-3.262667599779207990e+02
-3.317335742484733032e+02
-3.294240211755962946e+02
-3.323174835156634117e+02
-3.388608959196290584e+02
-3.389580707352852187e+02
-3.354807708979093945e+02
-3.353237858359702841e+02
-3.302825181569877486e+02
-3.326166918061459228e+02
-3.377905171901076073e+02
-3.362797924077866014e+02
-3.373332777040121755e+02
-3.320645422478186219e+02
-3.295855061017042544e+02
-3.343964107837923621e+02
-3.303254037032999122e+02
-3.304100485861847005e+02
-3.387364426182826378e+02
-3.264413706809891096e+02
-3.370710228094691274e+02
-3.396245499429463734e+02
-3.363669690516478568e+02
-3.322133922863431508e+02
-3.315939163104777663e+02
-3.263351835197303785e+02
-3.349271574066395942e+02
-3.308125065239625542e+02
-3.355477136884084643e+02
-3.335017413597529412e+02
-3.307862690710734341e+02
-3.408446736387277269e+02
-3.329010401635213725e+02
-3.338484411820265905e+02
-3.285931130812077186e+02
-3.326338311945692112e+02
-3.414409977509201326e+02
-3.314479355994596972e+02
-3.295117263393400435e+02
-3.345349870422401182e+02
-3.307356869327983304e+02
-3.302229127462356928e+02
-3.334601256049144240e+02
-3.345062996183863788e+02
-3.380980200782553879e+02
-3.320296315407366592e+02
-3.346111297938349480e+02
-3.409419152373745874e+02
-3.336961166064984923e+02
-3.376467999611379014e+02
-3.413505765933715566e+02
-3.338114992482084062e+02
-3.370266981566894628e+02
-3.352615827785526790e+02
-3.352714776875058078e+02
-3.370588403409830107e+02
-3.346228151951238488e+02
-3.309901951747594921e+02
-3.367230671621885563e+02
-3.349766743131648354e+02
-3.372413382743013699e+02
-3.332949632411915672e+02
-3.335151503060371851e+02
-3.285597987364586174e+02
-3.363482587990778256e+02
-3.303161281904983753e+02
-3.345657390502782391e+02
-3.327040604856582604e+02
-3.338960993238957826e+02
-3.378615388351389583e+02
-3.303511890567157252e+02
-3.360272064003695505e+02
-3.380819193275133330e+02
-3.337278641526083902e+02
-3.359111890459956271e+02
-3.349875763063552085e+02
-3.340718701790045202e+02
-3.305145684810363491e+02
-3.329190456790711892e+02
-3.352514583293489068e+02
-3.339013017352702946e+02
-3.303166445049859590e+02
-3.348574235953976768e+02
-3.335690950286710859e+02
-3.365777944844008971e+02
-3.304386618653210235e+02
-3.325833443492618926e+02
-3.298715100902074369e+02
-3.319707767573391948e+02
-3.291032093141167820e+02
-3.337915119512743445e+02
-3.335773507577354735e+02
-3.301280997608993744e+02
-3.394495549059354289e+02
-3.335286400413817773e+02
-3.350675429519906743e+02
-3.323616743177813078e+02
-3.362049286643882624e+02
-3.373050377830297748e+02
-3.317368807455925435e+02
-3.359390022571009240e+02
-3.348071584214154655e+02
-3.345981776537852284e+02
-3.343644519213597732e+02
-3.322942929542168713e+02
-3.340304046992378630e+02
-3.295470329705243557e+02
-3.333415623187610777e+02
-3.324476691375302835e+02
-3.314124838978978005e+02
-3.402187255770186312e+02
-3.365331885793501101e+02
-3.306229527058490589e+02
-3.359053981253763368e+02
-3.347132584140054519e+02
-3.345748190402987916e+02
-3.373873787313492016e+02
-3.370491627609139869e+02
-3.307102985919435127e+02
-3.331276976654362443e+02
-3.396402901335904971e+02
-3.330465455649296587e+02
-3.384206833977766564e+02
-3.380066586580255148e+02
-3.371982225078128295e+02
-3.339830176840381455e+02
-3.401835973186783804e+02
-3.376869481457274560e+02
-3.385316742959734029e+02
-3.325860921681619402e+02
-3.341437521200408582e+02
-3.346564593130540288e+02
-3.302730354426313397e+02
-3.324632162378513272e+02
-3.358637868519281255e+02
-3.337840008436224934e+02
-3.368165322421453993e+02
-3.362660103312143178e+02
-3.306225369917423222e+02
-3.356105522935569070e+02
-3.346390623766033059e+02
-3.333972003758460687e+02
-3.343261447375359126e+02
-3.306114902526472292e+02
-3.344090946432026499e+02
-3.329962102243880508e+02
