Model: alpha
Real logL: -733.5290186583591
Mean sim logL: -1553.6917940917647
Std sim logL: 150.667430334463
Delta TS: 820.1627754334056
Significance: 5.4435306529934575 sigma
TS_sim array:
-1.501939075840560008e+03
-1.498201152626093744e+03
-1.294158041323971247e+03
-1.636777045974717112e+03
-1.657061777290399277e+03
-1.299966424010297942e+03
-1.568969996930705747e+03
-1.672774362717942040e+03
-1.515744970387377634e+03
-1.330200349724133048e+03
-1.503916246638707435e+03
-1.395205868871304119e+03
-1.931382987793291022e+03
-1.929655844131689264e+03
-1.511429735324654303e+03
-1.507818531315846712e+03
-1.313408007146625550e+03
-1.609318077975368169e+03
-1.380885741495882939e+03
-1.867005715291865044e+03
-1.368298155604776639e+03
-1.565108532622788061e+03
-1.742561814462900429e+03
-1.483003414159783233e+03
-1.483128421063076757e+03
-1.382469163828165620e+03
-1.536565073205670160e+03
-1.467350793970917039e+03
-1.568055372059905949e+03
-1.537865559194716752e+03
-1.610145369170803406e+03
-1.504053908832575871e+03
-1.568836873992324854e+03
-1.522368483170067520e+03
-1.600652946847813382e+03
-1.524754654508279145e+03
-1.390736705238956574e+03
-1.568518511554181714e+03
-1.471341958151963354e+03
-1.464341675188241652e+03
-1.392366023765802311e+03
-1.542741393215841072e+03
-1.325758822695881463e+03
-1.648169943575060870e+03
-1.441761038506996101e+03
-1.463798218793453998e+03
-1.397788862467624767e+03
-1.782214694410393349e+03
-1.417492814241766609e+03
-1.603171199341304145e+03
-1.502548072272187255e+03
-1.646021882836675104e+03
-1.699586602520383849e+03
-1.483646927557000708e+03
-1.549401569342221592e+03
-1.314135451061127014e+03
-1.680317901944766163e+03
-1.437702875011508695e+03
-1.565993541835400720e+03
-1.399079823722031506e+03
-1.633058108359723974e+03
-1.719374558514831961e+03
-1.727917796797766414e+03
-1.493891314948954459e+03
-1.479301471817568881e+03
-1.408918000476603083e+03
-1.322047936338809222e+03
-1.565143167762381154e+03
-1.497148638784806280e+03
-1.607886722597125754e+03
-1.457186385829526444e+03
-1.453018330669915940e+03
-1.671975522861566333e+03
-1.476019573927560032e+03
-1.618808533591181003e+03
-1.316295409024397713e+03
-1.415582791865006129e+03
-1.330906859596944969e+03
-1.549512726286788393e+03
-1.431549892177575884e+03
-1.474126895413800412e+03
-1.359528817020039014e+03
-1.680159898561712225e+03
-1.810154506873404443e+03
-1.812656350824996252e+03
-1.562919221750184988e+03
-1.444659733438227249e+03
-1.475180464183897811e+03
-1.629732551885050043e+03
-1.423652363967929887e+03
-1.370911186656468999e+03
-1.939170704517646300e+03
-1.609521811132935454e+03
-1.662788713237148613e+03
-1.798061996928344115e+03
-1.652969289258515346e+03
-1.541435420468807479e+03
-1.455254716619403553e+03
-1.535612102194894987e+03
-1.468765425866988608e+03
-1.704046714440275764e+03
-1.567844099503288135e+03
-2.098903527259160001e+03
-1.508631054711462866e+03
-1.344125849065668717e+03
-1.521911007791595466e+03
-1.618069161259975772e+03
-1.554525198957537896e+03
-1.568466814697408608e+03
-1.631781805439051823e+03
-1.483204975089804975e+03
-1.365619648945266135e+03
-1.615306172557808623e+03
-1.670527079549963673e+03
-1.575125812892855492e+03
-1.513323229591705967e+03
-1.911959130979237216e+03
-1.286622593013949427e+03
-1.379579386118474531e+03
-1.583693701276821230e+03
-1.488169323717999305e+03
-1.402408492080125143e+03
-1.471195181961340495e+03
-1.500537783375939853e+03
-1.486284751685758238e+03
-1.694492147847285651e+03
-1.715595666925826208e+03
-1.466235645312104680e+03
-1.466373587023407026e+03
-1.476775378287489048e+03
-1.638563779423212054e+03
-1.678337352822103185e+03
-1.744344555169996056e+03
-1.549303609410390891e+03
-1.605394589236654156e+03
-1.222038308988943299e+03
-1.726025566892217739e+03
-1.656313599342059206e+03
-1.592068101138658903e+03
-1.563832896766843987e+03
-1.673895023824278042e+03
-1.617119587614928378e+03
-1.474581375161330925e+03
-1.482438375251226262e+03
-1.304966905828300924e+03
-1.349392589935842352e+03
-1.418759856642401928e+03
-1.583331628028775185e+03
-1.593536692435919576e+03
-1.869408137079398330e+03
-1.456432405709022760e+03
-1.448474975220664419e+03
-1.657736709122218826e+03
-1.538554839482630086e+03
-1.538328468593982507e+03
-1.520164452225785226e+03
-1.345775936113589296e+03
-1.510656480291392882e+03
-1.404975512647451524e+03
-1.364319984734624086e+03
-1.492721930405891726e+03
-1.515961370487847034e+03
-1.540136234988605111e+03
-1.833538268294320005e+03
-1.490534200201873318e+03
-1.613206530655687629e+03
-1.433419037725373983e+03
-1.550325130694680865e+03
-1.747104228132979188e+03
-1.506472443395612800e+03
-1.417462985210225042e+03
-1.575901545403705768e+03
-1.535788595071596774e+03
-1.625171869254745616e+03
-1.576915883731463509e+03
-1.485786696337676858e+03
-1.356196607702193887e+03
-1.380747011112517612e+03
-1.653886417378170790e+03
-1.507301321316899021e+03
-1.505450322669614025e+03
-1.638568499664562296e+03
-1.491740644681118283e+03
-1.559280450828154699e+03
-1.429020659050140239e+03
-1.664055295614660963e+03
-1.442560062490329074e+03
-1.370155975096205566e+03
-1.743800855602999491e+03
-1.553575996551295702e+03
-1.680433421549755622e+03
-1.525559243210725526e+03
-1.644871069607699155e+03
-1.482315692080270765e+03
-1.524337616174155755e+03
-1.484923160092187118e+03
-1.651862985510623275e+03
-1.600926457581238537e+03
-1.386642674282556982e+03
-1.584163783278899018e+03
-1.336742554933200381e+03
-1.257708589393941566e+03
-1.471366691915737647e+03
-1.665755018203564759e+03
-1.397415882900908400e+03
-1.356003420479296437e+03
-1.607099517863032361e+03
-1.555838749891938733e+03
-1.590972554048430993e+03
-1.774281132814560351e+03
-1.632962621641126589e+03
-1.498425521531187314e+03
-1.328218594468432457e+03
-2.159916916787852642e+03
-1.719329057041109081e+03
-1.896409910304231289e+03
-1.825721365445167294e+03
-1.892387194249241020e+03
-1.550501852848433828e+03
-1.578616759632577669e+03
-1.497728802985685434e+03
-1.426019904828505787e+03
-1.518524586697673840e+03
-1.752554820710929334e+03
-1.550644820590351173e+03
-1.442066478510900424e+03
-1.548737847522367247e+03
-1.519164102827897523e+03
-1.522161707476566789e+03
-1.446186545357523300e+03
-1.605061021069607705e+03
-1.651811383079348388e+03
-1.465240938582728177e+03
-1.617778003122185510e+03
-1.754663467029683943e+03
-1.367052023479935542e+03
-1.668654327968921280e+03
-1.737432549129483277e+03
-1.569383433789034825e+03
-1.455372119330225360e+03
-1.438076006882926549e+03
-1.851553121503980037e+03
-1.763316132760008941e+03
-1.659299957447776933e+03
-1.468685653186072386e+03
-1.713763016889211485e+03
-1.529079634802175633e+03
-1.660645811056874209e+03
-1.737449480781958755e+03
-1.552504537377084716e+03
-1.314261365069674866e+03
-1.378081761571858806e+03
-1.482600152020281712e+03
-1.510265058640135294e+03
-1.566399422789611208e+03
-1.695168256053465484e+03
-1.532869614769378586e+03
-1.629006415071798756e+03
-1.427014235714021197e+03
-1.682024934717856922e+03
-1.418429933520117174e+03
-1.574033817708258084e+03
-1.427943638226992334e+03
-1.523800596859073494e+03
-1.445812673004328644e+03
-1.674665104573342433e+03
-1.712053874095121046e+03
-1.616215234630500845e+03
-1.392404161705592060e+03
-1.510314281867654245e+03
-1.366364159074090821e+03
-1.591940389975331527e+03
-1.473077470647780501e+03
-1.563685870886443354e+03
-1.465837312643395080e+03
-1.462418656008441303e+03
-1.693584427177714133e+03
-1.567982447633955871e+03
-1.760069931803622012e+03
-1.513405019208656995e+03
-1.593546089732107703e+03
-1.448484986800712022e+03
-1.346224916521468003e+03
-1.463527940328250679e+03
-1.621957720553449690e+03
-1.479793797263379474e+03
-1.587804206829700888e+03
-1.253273734452412327e+03
-1.751247086223417227e+03
-1.546111085751682822e+03
-1.581178478850748434e+03
-1.457876472419931133e+03
-1.342960290267823211e+03
-1.392951467831667060e+03
-1.435450613471531142e+03
-1.464267302852429566e+03
-1.422168608242863456e+03
-1.509276263728691447e+03
-1.614497921321335525e+03
-1.774616768780298571e+03
-1.610652128699463447e+03
-1.287348822109880530e+03
-1.385240042671611036e+03
-1.530540645108188528e+03
-1.522019942639137525e+03
-1.493139165956218903e+03
-1.621235093411229627e+03
-1.512864180059317960e+03
-1.370123133414956555e+03
-1.680393457177884102e+03
-1.614708150544750197e+03
-1.463171904205382816e+03
-1.399828462675671517e+03
-1.406539943100772689e+03
-1.388450930485955723e+03
-1.440925546520720218e+03
-1.540545164949777245e+03
-1.408359671569736065e+03
-1.648298672015519969e+03
-1.410677587080566582e+03
-1.968626356945129373e+03
-1.460905453836993274e+03
-1.472490210444146442e+03
-1.543593897534159169e+03
-1.556413973566495315e+03
-1.676189271600497023e+03
-1.624650778524294310e+03
-1.419251817471798404e+03
-1.569405525806238074e+03
-1.407653535265285427e+03
-1.432129180395420008e+03
-1.306824283712353008e+03
-1.641876638847430968e+03
-1.489555089630435759e+03
-1.653146463940817512e+03
-1.450192157477712499e+03
-1.345386498342349569e+03
-1.415853481880581967e+03
-1.705499933387156489e+03
-1.737992400277135175e+03
-1.461904922113275688e+03
-1.471669429695902409e+03
-1.537924084540837612e+03
-1.723912284292884578e+03
-1.630654952742068872e+03
-1.890906402413782189e+03
-1.826209353894750848e+03
-1.461025075541497245e+03
-1.661526925663491056e+03
-1.595280579156853719e+03
-1.300869855431100859e+03
-1.584769748285010337e+03
-1.531885119466046035e+03
-1.401435796629726610e+03
-1.392668475438195401e+03
-1.466822308082103063e+03
-1.428953907844024343e+03
-1.568005395097979545e+03
-1.643917366503332232e+03
-1.581158469890278411e+03
-1.696694984033426863e+03
-1.491237465643368523e+03
-1.766473297835235144e+03
-1.541290564208675050e+03
-1.705445316355281648e+03
-1.689233373064552325e+03
-1.513704833978831175e+03
-1.440370837681203056e+03
-1.837756038437053576e+03
-1.609783925129276440e+03
-1.542520308468640678e+03
-1.657999074269251651e+03
-1.390335099812226645e+03
-1.510378443593938755e+03
-1.405374405927779662e+03
-1.588681385759817204e+03
-1.648039659421611532e+03
-1.610133559999103454e+03
-1.853498960733275908e+03
-1.537294429344657601e+03
-1.569029672634811504e+03
-1.348259524710790174e+03
-1.442620052149406547e+03
-1.935208589083396646e+03
-1.429117308206421967e+03
-1.574408882881477666e+03
-1.587819395277731473e+03
-1.564001085293603865e+03
-1.354460568040200997e+03
-1.825308786372686200e+03
-1.759908811477533618e+03
-1.603366651492274286e+03
-1.721238595656128837e+03
-1.572693948825403822e+03
-1.924841918036876450e+03
-1.698834107672367963e+03
-1.331215760448964829e+03
-1.534333288832528524e+03
-1.566014225409020810e+03
-1.464233643851030365e+03
-1.491364825304324086e+03
-1.478337028583833217e+03
-1.543493375593150859e+03
-1.552693657058482586e+03
-1.628686975499098935e+03
-1.566662589038341821e+03
-1.420683493235722835e+03
-1.543950510392843171e+03
-1.450354541942860578e+03
-1.491623051569008794e+03
-1.282641054868764513e+03
-1.607403147167744009e+03
-1.343129183257673958e+03
-1.527371771313389445e+03
-1.721570423818618792e+03
-1.425072833281549038e+03
-1.580645580644762049e+03
-1.469163784087607382e+03
-1.575855785585823924e+03
-1.421863693205530353e+03
-1.753234404407941383e+03
-1.774313565098288564e+03
-1.340548410393512768e+03
-1.533351386036724307e+03
-1.993219785810314988e+03
-1.467785446021584448e+03
-1.700624676748907405e+03
-1.401585503533739484e+03
-1.430229733863922775e+03
-1.691838224807810093e+03
-1.670745087564353753e+03
-1.709816477902765200e+03
-1.404285958731485380e+03
-1.517393943006321479e+03
-1.666290402196948435e+03
-1.487219434778080768e+03
-1.542872084294770502e+03
-1.367265807030288670e+03
-1.300803656404850017e+03
-1.478923085268553905e+03
-1.414779780351600266e+03
-1.683011340858755148e+03
-1.906669950920095744e+03
-1.811304681343144239e+03
-1.437682483505969003e+03
-1.433364884192748832e+03
-1.501148134110196679e+03
-1.384244674543401061e+03
-1.403390840420845052e+03
-1.651905766557236120e+03
-1.594376885427408070e+03
-1.825159787450050089e+03
-1.622263082903046325e+03
-1.757857053990480608e+03
-1.760103557520738605e+03
-1.383289664331249242e+03
-1.406306368901919996e+03
-1.696060494276949385e+03
-1.404234475515420399e+03
-1.734562630307810878e+03
-1.723970220483050980e+03
-1.488987793906121169e+03
-1.526362387318812580e+03
-1.637319747083741277e+03
-1.314389701704242725e+03
-1.677184048831631117e+03
-1.578844375256408739e+03
-1.337898431562196038e+03
-1.553276369344002887e+03
-1.346945023307680458e+03
-1.395880495045376620e+03
-1.523747065823362846e+03
-1.575395724523029912e+03
-1.414860713630005193e+03
-1.586784609113622309e+03
-1.515043736147330947e+03
-1.657372150738301343e+03
-1.572516592848754499e+03
-1.420311614644485644e+03
-1.348534601428058977e+03
-1.576059173005511639e+03
-1.484503555200775281e+03
-1.523346452933515366e+03
-1.415403112391149989e+03
-1.658657918255202276e+03
-1.562163227611633829e+03
-1.403571630808658028e+03
-1.579554089756567691e+03
-1.721729798232891426e+03
-1.706515284520742625e+03
-1.579491562275911065e+03
-1.442519054373585732e+03
-1.470369667408445366e+03
-1.374250597402566200e+03
-1.608882569828704391e+03
-1.521638392854553786e+03
-1.334055438830591584e+03
-1.581069584336270964e+03
-1.710351582732079578e+03
-1.704841297860107943e+03
-1.587903315350342382e+03
-1.489112078165602270e+03
-1.379476165895268650e+03
-1.493479936602144562e+03
-1.665820903314156112e+03
-1.506688319701803266e+03
-1.394296281443121870e+03
-1.421226768739502859e+03
-1.515876938126260711e+03
-1.435772465657634939e+03
-1.640052750743438082e+03
-1.435432504639365106e+03
-1.387458934527183374e+03
-1.547436903616905965e+03
-1.514249526070623688e+03
-1.670616913890665273e+03
-1.451247309642733399e+03
-1.355933838643471972e+03
-1.277953729029652095e+03
-1.454004840234798849e+03
-1.403608481451095713e+03
-1.565426831203708389e+03
-1.868148737201457152e+03
-1.513656222511915530e+03
-1.772447080917565472e+03
-1.363184903072954285e+03
-1.526563602781769077e+03
-1.770765017523361166e+03
-1.410910774536853069e+03
-1.609506408138541019e+03
-1.530419675694419993e+03
-1.678785296407431360e+03
-1.512779483258944310e+03
-1.526301425287130314e+03
-1.555780847913583330e+03
-1.756878872373667036e+03
-1.356016667376493388e+03
-1.534764527218821058e+03
-1.558915887573159125e+03
-1.448874502398092091e+03
-1.453917933116169706e+03
-1.568886960359247496e+03
-1.422322232121143770e+03
-1.647385119895761136e+03
-1.454802259564194856e+03
-1.639981121095996969e+03
-1.590023083244122745e+03
-1.753035962312981155e+03
-1.700512795055759852e+03
-1.816906266601613879e+03
-1.466798669035891635e+03
-1.417518092953191172e+03
-1.472178935052336328e+03
-1.605324774793470624e+03
-1.581454374878546787e+03
-1.450996506530318129e+03
-1.564100668538654645e+03
-1.740797418864800875e+03
-1.683831433433717393e+03
-1.494758749667537586e+03
-1.501570541776484333e+03
-1.631927348072219047e+03
-1.585664456576781049e+03
-1.627153991757880931e+03
-1.793867876327727117e+03
-1.499817068057602228e+03
-1.669906574036166148e+03
-1.447162540299626016e+03
-1.447541951497051286e+03
-1.421559159136334301e+03
-1.504526673493575345e+03
-1.559137330870593360e+03
-1.415686835918731276e+03
-1.564861330610280675e+03
-1.500304142579496101e+03
-1.665043004567696244e+03
-1.873023323183356752e+03
-1.384990622357296616e+03
-1.501090160497777106e+03
-1.497667925898431349e+03
-1.449714158643966584e+03
-1.808797575077592228e+03
-1.491443519457290222e+03
-1.710113332051435464e+03
-1.471253928251850084e+03
-1.628248103074859500e+03
-1.914107730896108478e+03
-1.362666480240005058e+03
-1.418763849117868403e+03
-1.411509287864926137e+03
-1.779108208259745652e+03
-1.711693691207927031e+03
-1.425618763931841386e+03
-1.853291303780774342e+03
-1.559948081736400582e+03
-1.474381453977696992e+03
-1.507632370049700967e+03
-1.586529078031468543e+03
-1.583014752848790295e+03
-1.547363362338188381e+03
-1.532634060470016948e+03
-1.626847361815259092e+03
-1.604952911684111314e+03
-1.590451195942783215e+03
-1.456096356013653349e+03
-1.362430951413522052e+03
-1.509025481280782060e+03
-1.630971733003387726e+03
-1.417852972884201108e+03
-1.402621236183656038e+03
-1.807376304054356297e+03
-1.395544512269315419e+03
-1.499807429891250877e+03
-1.457625096594314982e+03
-1.496802625674869660e+03
-1.459083448335851699e+03
-1.655345962035511320e+03
-1.631816518491911211e+03
-1.458372094543873573e+03
-1.513052346683510677e+03
-1.584006378488130395e+03
-1.342528954634631418e+03
-1.611872366127759506e+03
-1.386482738746689392e+03
-1.544815771076874171e+03
-1.487915348301900394e+03
-1.674566085685946973e+03
-1.650919180660584971e+03
-1.745459530767946490e+03
-1.426129028139312140e+03
-1.574816244449589703e+03
-1.458690024983645799e+03
-1.310250755283692342e+03
-2.342295062032973874e+03
-1.635628619369275839e+03
-1.511730340773142871e+03
-1.352409022703842538e+03
-1.676820713822825837e+03
-1.812518724875624912e+03
-2.014756394410419944e+03
-1.551462688806368078e+03
-1.932237049535637425e+03
-1.555882913896762147e+03
-1.592952147698904810e+03
-1.662096627509899463e+03
-1.259152497429552113e+03
-1.232872093810650767e+03
-1.830622963761768005e+03
-1.562390430525699003e+03
-1.515952603098631016e+03
-1.795219528063543748e+03
-1.513574571897556780e+03
-1.503872404074466203e+03
-1.450850958406923382e+03
-1.636638823900337911e+03
-1.419521513843146749e+03
-1.596433102250986394e+03
-1.497505978544978461e+03
-1.515435490948292454e+03
-1.446688566505575636e+03
-1.427454517098523411e+03
-1.797161862699146468e+03
-1.445832820700385128e+03
-1.645749649325177643e+03
-1.573300996629877545e+03
-1.386927678588947856e+03
-1.548408901411444731e+03
-1.502595708151389545e+03
-1.529898996116809940e+03
-1.487761069134975969e+03
-1.555856394492268237e+03
-1.559095133354830750e+03
-1.518609040846934022e+03
-1.866981780561281539e+03
-1.626747543881168440e+03
-1.479064689593054709e+03
-1.473489483430451855e+03
-1.472829645130731706e+03
-1.411560674027438608e+03
-1.499475986331314743e+03
-1.643158657704359257e+03
-1.681342566225346445e+03
-1.295243668786726175e+03
-2.121003482520491616e+03
-1.503945108010482727e+03
-1.526946285218185949e+03
-1.731987223333434940e+03
-1.825921937206358280e+03
-1.754146858838591697e+03
-1.487372327406683780e+03
-1.316273224202713209e+03
-1.516514799596316152e+03
-1.379803156877359925e+03
-1.388296087370502619e+03
-1.507234664829757321e+03
-1.997922354572582890e+03
-1.555934593402834025e+03
-1.555281727235975040e+03
-1.590731016404404727e+03
-1.619666823865684819e+03
-1.414773472234598557e+03
-1.399249143304856261e+03
-1.623617289050182535e+03
-1.588453428826460367e+03
-1.363582272271543843e+03
-1.433102786925176133e+03
-1.516861295635593251e+03
-1.453477217110819765e+03
-1.754722852896712993e+03
-1.428686675712182478e+03
-1.558809656450119746e+03
-1.600541225751612046e+03
-1.532972914283514910e+03
-1.293976334852937725e+03
-1.392620589967156320e+03
-1.542580773187360364e+03
-1.569851883521590480e+03
-1.537519757464660870e+03
-1.587361322318997736e+03
-1.501646787747347616e+03
-1.847458319086025313e+03
-1.676889054321773528e+03
-1.550478135710666493e+03
-1.546109122565136204e+03
-1.668438381043323716e+03
-1.562000086360677869e+03
-1.616741037566253908e+03
-1.840263685419976355e+03
-1.620148994962910820e+03
-1.457512778408348822e+03
-1.375502548763563709e+03
-1.526176027170049338e+03
-1.489058122832473600e+03
-1.528882957871322560e+03
-1.683696135789496111e+03
-1.747255385289840433e+03
-1.591567219592382344e+03
-1.387117903466755706e+03
-1.570459338806535925e+03
-1.676019920602098864e+03
-1.501317272998897806e+03
-1.679884665346668044e+03
-1.902275356495697906e+03
-1.641880760328491533e+03
-1.578006634356694804e+03
-1.553598960022341771e+03
-1.552237762595966615e+03
-1.329307565789325281e+03
-1.545501129327369654e+03
-1.373700626818155342e+03
-1.613720638944030270e+03
-1.324341321077098200e+03
-1.643646932215948937e+03
-1.469291809966558503e+03
-1.576125290802597647e+03
-1.560069336755229642e+03
-1.885982730162703547e+03
-1.455480343909127669e+03
-1.550263392863704212e+03
-1.670701279437028234e+03
-1.424767623555631872e+03
-1.492246514303193635e+03
-1.598028365082498567e+03
-1.760981607812214406e+03
-1.295880362234573340e+03
-1.552588871591918178e+03
-1.411159428133558322e+03
-1.699525976498274076e+03
-1.537704128835538768e+03
-1.567041424140244999e+03
-1.479130634906734485e+03
-1.609214248660623070e+03
-1.673851433438620461e+03
-1.608177361383710604e+03
-1.932593157520731893e+03
-1.641314727016295819e+03
-1.428697854300379504e+03
-1.597721844857503584e+03
-1.470536714192972568e+03
-1.434306455968165437e+03
-1.600273685810002462e+03
-1.493334459557075661e+03
-1.408883985777434646e+03
-1.322217514339763284e+03
-1.648185556583697689e+03
-1.529660291093216983e+03
-1.490569111187099224e+03
-1.616494234153603884e+03
-1.276792309276567494e+03
-1.519952657768187237e+03
-1.351380217069272021e+03
-1.583097301691694838e+03
-1.350344965881425196e+03
-1.674353449298228043e+03
-1.556893745255862086e+03
-1.695279744895496833e+03
-1.348148806452559256e+03
-1.478843972676728299e+03
-1.581124519958583733e+03
-1.617237433381442088e+03
-1.311837833662443700e+03
-1.604017562436434673e+03
-1.562528334946742234e+03
-1.288594342524411559e+03
-1.553546119190515356e+03
-1.703043517175261968e+03
-1.480630184481169636e+03
-1.558180241422604922e+03
-1.595340639172416331e+03
-1.434445986246476423e+03
-1.752579471784272073e+03
-1.638812742917740252e+03
-1.471091530110189524e+03
-1.441939674230175569e+03
-1.487026859447266361e+03
-1.522749939595291153e+03
-1.769534510495725726e+03
-1.407375476969861211e+03
-1.546913745223595470e+03
-1.608151193214086106e+03
-1.744983246017050078e+03
-1.454158534209917434e+03
-1.826474171293101790e+03
-1.475579558444094573e+03
-1.365837185142457884e+03
-1.687770226113355420e+03
-2.084125919531656109e+03
-1.454960393533385286e+03
-1.585832028788462139e+03
-1.534869547917383443e+03
-1.484764467311261797e+03
-1.459302294918611778e+03
-1.614267427977923035e+03
-1.709322473058806054e+03
-1.579531882818227132e+03
-1.534503248786978929e+03
-1.383076222775000588e+03
-1.577687437583258088e+03
-1.446910649972518968e+03
-1.488986287370065384e+03
-1.318670699714968123e+03
-1.525423651860122845e+03
-1.558166473424211290e+03
-1.489816259262123594e+03
-1.316924303679553304e+03
-1.636661428033849916e+03
-1.520999267832183705e+03
-1.532808654406085680e+03
-1.738707418834555710e+03
-1.968315947172067808e+03
-1.367163011323821593e+03
-1.826906416805478102e+03
-1.596327051628661593e+03
-1.390062169282820378e+03
-1.398497386008491048e+03
-1.404577782679073607e+03
-1.418165699401890834e+03
-1.587709987699979365e+03
-1.669738373082454018e+03
-1.653027424959266682e+03
-1.601364597900005265e+03
-1.584263120715280593e+03
-1.379525167039598728e+03
-1.429447038576581235e+03
-1.618689273545160177e+03
-1.782551954136933318e+03
-1.762850627034431227e+03
-1.515944088322359903e+03
-1.606823981747757671e+03
-1.382959699856017323e+03
-1.738330536423404283e+03
-1.411027259488640539e+03
-1.524142132317801043e+03
-1.382721118157610817e+03
-1.626227604081705977e+03
-1.582799094761256811e+03
-1.532280950325055983e+03
-1.756650759219594647e+03
-1.625473673307741592e+03
-1.495351111813120951e+03
-1.430249688884655598e+03
-1.356941765561303555e+03
-1.438244566187785040e+03
-1.354301424835552552e+03
-1.652340498818587093e+03
-1.366257805170200754e+03
-1.698082059407778161e+03
-1.338776040601142086e+03
-1.641574917006921851e+03
-1.336137064138285496e+03
-1.581298486863074913e+03
-1.593665568576942860e+03
-1.533510361715306317e+03
-1.493640180062419859e+03
-1.403489856578314630e+03
-1.458982612225290268e+03
-1.390327888443029224e+03
-1.780223129277498629e+03
-1.554979574477852111e+03
-1.862400470127341578e+03
-1.249651238142678721e+03
-1.497140785873033565e+03
-1.591623015962623185e+03
-1.494401785870189997e+03
-1.548588123555198763e+03
-1.559758531766219676e+03
-1.631999794810594722e+03
-1.530548098085312176e+03
-1.715655827314003091e+03
-1.465362168978108457e+03
-1.480124225187418233e+03
-1.302100286672738548e+03
-1.733063452585642608e+03
-1.368283467080269020e+03
-1.589846522580243345e+03
-1.493256938251106931e+03
-1.495372115639836011e+03
-1.678646497275445427e+03
-1.372386331994571265e+03
-1.508187098148801851e+03
-1.607378795596853934e+03
-1.433042772482064265e+03
-1.514297546978391438e+03
-1.630669854045523152e+03
-1.459464249356722803e+03
-1.606913792273920535e+03
-1.847424861570126495e+03
-1.380761931892600387e+03
-1.413597832653775413e+03
-1.711309706341706260e+03
-1.518600305980755593e+03
-1.556893968470929394e+03
-1.534591048735164577e+03
-1.467953103797450240e+03
-1.868297819887805190e+03
-1.409652599360962085e+03
-1.618415662725088850e+03
-1.422890681493091506e+03
-1.670250217606885144e+03
-1.459732530365929733e+03
-1.702298124674877272e+03
-1.576304429016055565e+03
-1.897866746197171778e+03
-2.174752975988898470e+03
-2.098908688406673264e+03
-1.425981275989809546e+03
-1.466518379651743089e+03
-1.446522971017576310e+03
-1.855641763401482876e+03
-1.752564070273082962e+03
-1.869617334616375501e+03
-1.604800148112407896e+03
-1.343263098193358928e+03
-1.612475758539546860e+03
-1.559732852255668149e+03
-1.628843982590044106e+03
-1.596820884966631638e+03
-1.300888206320659265e+03
-1.604920095371215666e+03
-1.323103502597658917e+03
-1.432871162291674864e+03
-1.470383413181862579e+03
-1.583986339949338344e+03
-1.692279313436485154e+03
-1.539838082409271919e+03
-1.687232458360634155e+03
-1.450500895646466006e+03
-1.452837406360702971e+03
-2.046182737094061849e+03
-1.435647455458525656e+03
-1.680393350915854398e+03
-1.793576898175467250e+03
-1.814894569455519331e+03
-1.592634117669865873e+03
-1.469978992233952567e+03
-1.468217572269341417e+03
-1.540658271882007512e+03
-1.493688278947667186e+03
-1.478913605284196819e+03
-1.969312246078813132e+03
-1.600895046102461038e+03
-1.466540915326032973e+03
-1.436298919651007509e+03
-1.609691841712798578e+03
-1.517418525516141472e+03
-1.673378041722100988e+03
-1.637386929795384958e+03
-1.495333006577621290e+03
-1.753358336297395681e+03
-1.680123079599461789e+03
-1.528355313087617560e+03
-1.452355977164058004e+03
-2.072082966682981805e+03
-1.491235203959735145e+03
-1.711404062498748772e+03
-1.410748402762835667e+03
-1.557739740365285797e+03
-1.622303347040266544e+03
-1.687922568132721381e+03
-1.953620780339975909e+03
