Model: lognorm
Real logL: -702.4154763948073
Mean sim logL: -777.5812444552828
Std sim logL: 14.112257037987424
Delta TS: 75.16576806047544
Significance: 5.326275439721935 sigma
TS_sim array:
-7.886672112431662072e+02
-7.685640136581351953e+02
-7.806685937446909520e+02
-7.951196461634663137e+02
-7.577376606961353218e+02
-7.674737277371875734e+02
-7.634576783523514223e+02
-7.778166010553979959e+02
-7.847469887606461043e+02
-7.577628452758875710e+02
-7.747048625126724346e+02
-7.611968986797423895e+02
-7.867486376529152494e+02
-8.017235418285499691e+02
-7.891169493858956230e+02
-7.693668748245852385e+02
-7.900154841349263961e+02
-7.954200878928620568e+02
-7.748756578196578175e+02
-7.438194247270939741e+02
-7.870752918132477589e+02
-7.858171141856158783e+02
-7.795800488151586478e+02
-7.705695658665765677e+02
-8.015011873967567908e+02
-7.801326182086013432e+02
-7.565825907482610546e+02
-7.864745698230364042e+02
-7.824661263609414164e+02
-7.583300082914365703e+02
-7.562574562332379173e+02
-8.058420537790266280e+02
-7.981301050558053021e+02
-7.768977892157108727e+02
-7.606599805498394744e+02
-7.679444979399980866e+02
-7.709057128337815357e+02
-7.899958218674130421e+02
-7.909104151366146880e+02
-7.581782850195480705e+02
-7.871514298132668728e+02
-7.695519666198450750e+02
-7.615131124367642315e+02
-7.815330155476137861e+02
-7.861827387535040543e+02
-7.695217489545464105e+02
-7.928650041011873100e+02
-7.641851219493878489e+02
-7.687621627179354391e+02
-7.771317728509272911e+02
-7.853207530854291463e+02
-7.938454996855023182e+02
-7.935379305429755732e+02
-7.805302438688734128e+02
-7.645053164316484526e+02
-7.844759701175918281e+02
-7.885092882246610770e+02
-7.773846910144777667e+02
-7.840397464969772727e+02
-7.804032694315819754e+02
-7.798664396143045678e+02
-7.656521116894632542e+02
-7.703822479794562241e+02
-7.914951263067951004e+02
-7.768991518955294850e+02
-7.942424913684430976e+02
-7.796739685654478080e+02
-7.798907281909465610e+02
-7.848681846439054652e+02
-7.920188400423562598e+02
-7.911462403931268454e+02
-7.835209075261268481e+02
-7.551254262945701612e+02
-7.780680366981055158e+02
-7.937610518742068280e+02
-7.755654677990523851e+02
-7.770386120559445544e+02
-7.913280127899613490e+02
-7.964684834686034947e+02
-7.719119251754294737e+02
-8.015531925071272781e+02
-7.714658908510410811e+02
-7.877494537671514081e+02
-7.721256748575582378e+02
-7.817065198520273270e+02
-8.076805544660730902e+02
-7.722051477829135138e+02
-7.958877623502123697e+02
-7.809554267377574206e+02
-7.834437691624262925e+02
-7.689234861879556320e+02
-7.827710830981900472e+02
-7.813917978328011031e+02
-7.691857952177240350e+02
-7.621989116158856632e+02
-7.838044829499536945e+02
-7.884692149080076433e+02
-7.773203687707432437e+02
-8.151957801309165461e+02
-7.639210129072282598e+02
-7.826546055283213263e+02
-7.765013037743913173e+02
-7.828966938790536005e+02
-7.679635498206253033e+02
-7.826254056792645315e+02
-7.928704502366235829e+02
-7.757595517143860206e+02
-7.506342663065724992e+02
-7.837982844413526209e+02
-8.000035890739883371e+02
-7.515331227162048435e+02
-7.722241605326153149e+02
-7.905326191573801680e+02
-7.877697776315012561e+02
-7.766020103628686684e+02
-8.016859657141217212e+02
-7.805743330050754594e+02
-7.649787222552238291e+02
-7.817624511856167828e+02
-7.933439581555949189e+02
-7.744634208419947754e+02
-7.628178213000765027e+02
-7.797102655036151191e+02
-7.865447737227851803e+02
-7.606068045128907897e+02
-7.834191403784118393e+02
-7.700938799076935766e+02
-7.743759548657707228e+02
-7.580178917698281111e+02
-7.745540627140437664e+02
-7.905292680088550696e+02
-7.585665525115647370e+02
-7.711383098462968064e+02
-7.749425650083994697e+02
-7.824834948652156754e+02
-7.686058857131172317e+02
-7.682239907623286399e+02
-7.574599287249709505e+02
-7.624570625119372380e+02
-7.799431371593580025e+02
-7.528441114542185915e+02
-7.803055871259830383e+02
-7.521656307923331042e+02
-7.804910554129867251e+02
-7.768660386166907301e+02
-7.627181958996299045e+02
-7.660172033632119337e+02
-7.543176749187331325e+02
-7.634243959621320528e+02
-7.998670354410667187e+02
-7.730610440355243327e+02
-7.620873227355763220e+02
-7.666032642085117459e+02
-7.617848466540790469e+02
-7.935352610745593438e+02
-7.626290664817707921e+02
-7.922789785783262460e+02
-7.604780490717470229e+02
-7.909792330450752615e+02
-7.677472986531188326e+02
-7.736812909360139656e+02
-7.931226191050891430e+02
-7.795911363527104641e+02
-7.893528858077374935e+02
-7.519651373343958767e+02
-7.658137378273385139e+02
-7.804987770869781798e+02
-7.902091519960222286e+02
-7.779192081664892839e+02
-7.501737918881434553e+02
-7.796807335767088034e+02
-7.735580614086582045e+02
-7.832181242341325742e+02
-7.782293834688955485e+02
-7.775292777877730259e+02
-7.691978231657183187e+02
-7.671483628687510645e+02
-7.610755640530435358e+02
-7.597164494862126958e+02
-7.671598466089703834e+02
-7.902035836644129176e+02
-7.774259707769672332e+02
-7.684030432089884926e+02
-7.573199609513869746e+02
-7.760312158640492726e+02
-7.890885325163836796e+02
-7.759800595141119857e+02
-7.771018293012557479e+02
-7.771818172776039546e+02
-7.726295410822891654e+02
-7.686750332862959567e+02
-7.709514655670204775e+02
-7.788085298811192843e+02
-7.972853698748316447e+02
-7.619225314799166426e+02
-7.918034997823319827e+02
-7.738306858921562252e+02
-7.623469256861835674e+02
-7.984680731404175731e+02
-8.000856877485416589e+02
-7.536791766104413455e+02
-7.994466339429750406e+02
-7.596071717778618222e+02
-7.879619872010348445e+02
-7.637222164022698507e+02
-7.640246175456047695e+02
-7.916828667792832448e+02
-7.612657500690847883e+02
-7.839890073652017008e+02
-7.660598512902215589e+02
-7.693227360824828338e+02
-7.853405456955174486e+02
-7.988118980698326368e+02
-7.720667703921618568e+02
-7.636474576417742810e+02
-7.833641434164649127e+02
-7.863153260333056096e+02
-7.733897485619351073e+02
-7.611526322632912525e+02
-7.800531334499901277e+02
-7.855318375580329757e+02
-7.870850401518974877e+02
-7.834127434883303067e+02
-7.653084588835608884e+02
-7.954756471595837866e+02
-7.615162931554800707e+02
-7.689005901520405359e+02
-7.843804303084273215e+02
-7.845961115961442829e+02
-7.703636286620037481e+02
-7.704444936743614107e+02
-7.665542083217920890e+02
-7.613527042055881111e+02
-7.715847875472006763e+02
-7.860866798579379520e+02
-7.773088145636144191e+02
-7.769804424423308546e+02
-7.758818903594179801e+02
-7.814840123909733620e+02
-7.888604623562702045e+02
-7.598812586242529505e+02
-7.735052515982912382e+02
-7.590951656407628434e+02
-7.977609435621716329e+02
-7.902198098354756439e+02
-8.036538535293053656e+02
-7.477730590840062632e+02
-7.810041551466393912e+02
-7.679851820305497085e+02
-7.782692165173183412e+02
-7.741069393658628996e+02
-7.853822939046224292e+02
-7.831355723641959230e+02
-7.656218642196232622e+02
-7.664467777516053957e+02
-7.525978246917170509e+02
-7.988651579094500903e+02
-7.662645249585008287e+02
-7.708064273772163233e+02
-7.756636275444324156e+02
-7.782302595347968008e+02
-7.761519004784282743e+02
-7.798708546782914937e+02
-7.708815737774580157e+02
-8.286071415878401467e+02
-7.804442081329225402e+02
-7.746132450462267798e+02
-7.889419432510612751e+02
-7.866055708572798721e+02
-7.866400934186710856e+02
-7.875472452112303472e+02
-7.646645656122615264e+02
-7.854782202668691298e+02
-7.790721894055005805e+02
-7.531207759450526282e+02
-7.983554805393680454e+02
-7.718943648135515332e+02
-7.924965579064486292e+02
-7.772810507364038131e+02
-7.734345071465056662e+02
-7.772346407891296849e+02
-7.753421055752869506e+02
-7.679671152751889167e+02
-7.687568779269092829e+02
-7.674329452337652810e+02
-7.866370128837443190e+02
-7.967744678765045592e+02
-7.645448015690644752e+02
-7.803801992660164615e+02
-7.836319296477752232e+02
-7.814349013270382329e+02
-7.638470141828905753e+02
-7.866893501703642642e+02
-7.974359575032010525e+02
-7.790459955349908796e+02
-7.842462139717040372e+02
-7.826825632724358002e+02
-7.793420500024584499e+02
-7.828437990538565145e+02
-7.794750801688112460e+02
-7.697529107895528568e+02
-7.559520183605951615e+02
-7.550932558309114029e+02
-7.694303352198595576e+02
-7.799139407116196026e+02
-7.865267193619451973e+02
-7.858862404716849142e+02
-7.714803358475603545e+02
-7.785075180556317491e+02
-7.897950793710328981e+02
-7.870781046249073825e+02
-7.866064649903546524e+02
-7.485384487465253187e+02
-7.908043929246487096e+02
-7.992150013830359967e+02
-7.761231739311683668e+02
-7.708572177367159384e+02
-7.842036561094316767e+02
-7.852901718944831373e+02
-7.929027250321867086e+02
-7.881909266372022103e+02
-7.754374394170392861e+02
-7.578459157979891643e+02
-7.843221685976111530e+02
-7.770222100556331952e+02
-7.685071928957966065e+02
-7.961773785876828242e+02
-7.653671425183711108e+02
-7.665043943108612439e+02
-7.649132131867941098e+02
-7.524454220684266375e+02
-7.834355133805637479e+02
-7.805194678551941934e+02
-7.509270463976224619e+02
-7.913511852053061375e+02
-7.619529877407098866e+02
-7.904826256200342414e+02
-7.796104750266631527e+02
-7.729772502164228172e+02
-8.019227531202875525e+02
-7.614170713719635160e+02
-7.626261849398136974e+02
-8.220332539312189510e+02
-7.831359367592503986e+02
-7.770118244894239297e+02
-7.927761886862710980e+02
-8.001589138980621101e+02
-7.830147122111359295e+02
-7.522048581874155389e+02
-8.061699001830554607e+02
-7.865497424720399522e+02
-7.705848968841523856e+02
-7.809285879075382582e+02
-7.722401758819180486e+02
-7.755067643249060438e+02
-7.635841115522945302e+02
-7.895747941460369930e+02
-7.822975193128718274e+02
-7.981767971650610889e+02
-7.762103290292220663e+02
-7.729916996659660526e+02
-7.716717079359149238e+02
-7.711737367563384851e+02
-7.927730653604191957e+02
-7.748467602434168384e+02
-7.907995011732829198e+02
-7.589767453214817579e+02
-7.708087930515769131e+02
-8.009375674948681763e+02
-7.552442688788094074e+02
-7.807061396164667713e+02
-7.760335465223602114e+02
-7.826673495761749564e+02
-7.735308205035493074e+02
-7.758913766610282892e+02
-7.775916382969869574e+02
-7.640172738027820287e+02
-7.880195952237229449e+02
-7.743359131394540782e+02
-7.787547173966438550e+02
-7.890783297327328683e+02
-7.809121183303212774e+02
-7.805796925720130730e+02
-8.009569398566209202e+02
-7.692930753604180154e+02
-7.768495290835367086e+02
-7.914299024513870791e+02
-7.820033471926283255e+02
-7.751808987005555309e+02
-7.916833348428542649e+02
-7.596835232729296195e+02
-7.903756059629487254e+02
-7.826931006801896729e+02
-7.829647393713440806e+02
-7.950838618989776023e+02
-7.813169940422974378e+02
-7.609586191344812960e+02
-7.959576354780075462e+02
-7.982207350875145266e+02
-7.576246293684544071e+02
-7.723871141937706852e+02
-7.528821119715435088e+02
-7.630397514163530559e+02
-7.679831564925966632e+02
-8.063150942315940028e+02
-7.831287573694107778e+02
-7.928758176926592114e+02
-7.730950457054875642e+02
-7.936105892124047614e+02
-7.671385309236509329e+02
-7.785171289558288663e+02
-7.696628596475297854e+02
-7.671823103015564129e+02
-7.671896747432417669e+02
-7.828488088294745921e+02
-7.537487037291048182e+02
-7.648262722282509003e+02
-7.831779097335072493e+02
-7.653164137022099567e+02
-7.836845346958002665e+02
-7.987912313836676503e+02
-7.721585873202278663e+02
-7.852140470242579795e+02
-7.956316311330117514e+02
-7.702883995359727578e+02
-7.658830168892834536e+02
-7.683633272945096451e+02
-7.881601204044607130e+02
-7.876182459649945713e+02
-7.689403006794701696e+02
-7.957606595527583977e+02
-7.842679409181137089e+02
-7.736840170943030444e+02
-7.790719982724177726e+02
-7.587846790238871790e+02
-7.528768026237631830e+02
-7.932424254977963756e+02
-7.943513644390418449e+02
-7.747457009607155669e+02
-7.597049239745269915e+02
-8.029087669755053867e+02
-7.538100036079720212e+02
-7.679776725899106395e+02
-8.018554528357153686e+02
-7.841846635819422318e+02
-7.637357505312872945e+02
-7.733358508959197479e+02
-7.678443752795252522e+02
-7.614646151079634819e+02
-7.534101847449087472e+02
-7.694246083425271081e+02
-7.595925242174175764e+02
-7.742182201237799291e+02
-7.934704390587608032e+02
-7.687331412822709353e+02
-7.897614980859266325e+02
-7.920672630561834922e+02
-7.809527357958561424e+02
-7.832510471783584762e+02
-7.944253488524382192e+02
-8.022343005857758271e+02
-7.794599737807591282e+02
-7.928712034231929238e+02
-7.702968454787423980e+02
-7.604431923741454966e+02
-7.704298399112303741e+02
-8.018490040109327310e+02
-7.656192876254266366e+02
-8.287487037037467417e+02
-7.825282342114801395e+02
-7.840338814663462017e+02
-7.752971106643576604e+02
-7.652470647906186514e+02
-7.850676634424312397e+02
-7.884721894627177790e+02
-7.871165361777060525e+02
-7.581496822017970771e+02
-7.835069152648461568e+02
-7.816037736483815479e+02
-7.797559216385513992e+02
-7.620928464338703634e+02
-7.848774355583623219e+02
-7.784082418367142964e+02
-7.595967961505298263e+02
-7.733485592302133682e+02
-7.830633528146087201e+02
-7.737716506813035267e+02
-7.627768023239184458e+02
-7.950986577808052971e+02
-7.766071829542883052e+02
-7.647351855054304224e+02
-7.722921039823145293e+02
-7.816164322650789700e+02
-7.879153320248892669e+02
-7.439880175588276643e+02
-7.866390851919137504e+02
-7.653474030727193167e+02
-7.545312341517003460e+02
-7.925761481236129384e+02
-7.698022965261517356e+02
-7.454335595914324131e+02
-7.661221517201792039e+02
-8.010341204106575788e+02
-7.742255181664017982e+02
-7.804106551162385585e+02
-7.511184374907755910e+02
-7.730987814380760028e+02
-8.136954444404744891e+02
-7.915830980769044345e+02
-7.796972248713763065e+02
-7.563662694535323681e+02
-7.963525102016889150e+02
-7.777501946509042909e+02
-7.818549972651022699e+02
-7.866605557800804718e+02
-7.883813952200747508e+02
-7.732924781530568907e+02
-7.831859140227393254e+02
-7.780914453657826471e+02
-7.694855445051530296e+02
-7.854716994902951228e+02
-8.235684067393229952e+02
-7.924368560460485469e+02
-7.587759060480707376e+02
-7.639070538785562121e+02
-7.537965021346641379e+02
-7.938170698331157382e+02
-7.879270947602057049e+02
-7.550980602145180001e+02
-8.025905405906494252e+02
-7.787973987956186193e+02
-7.685338373895616542e+02
-7.611615970913848059e+02
-7.678509579478400155e+02
-7.780448508489649839e+02
-7.927813919724726475e+02
-7.942322335185082238e+02
-8.008759390759030339e+02
-7.746678244963467250e+02
-7.873673225855795863e+02
-7.608744489330026681e+02
-7.508732777385071131e+02
-7.675061986756707029e+02
-7.816638236564201634e+02
-7.921641382104555760e+02
-7.582730619404271692e+02
-7.794360558968642181e+02
-7.687766743262745877e+02
-7.755860505749158165e+02
-7.998394297818531413e+02
-7.914192176339054186e+02
-7.782407841601166183e+02
-7.570502364795148651e+02
-7.613331426171516796e+02
-7.591803737822275480e+02
-7.829368044125524193e+02
-7.928711654321483593e+02
-7.733609778070881475e+02
-7.757084716502677111e+02
-7.601391053210305699e+02
-7.840816246971510282e+02
-7.728730715338418804e+02
-7.446943833755594824e+02
-7.659422049135324642e+02
-7.661984682878860440e+02
-7.664689175743703800e+02
-7.993776061784069498e+02
-7.790153954504801277e+02
-8.242827138731486230e+02
-7.702433452146353829e+02
-7.796336831613132290e+02
-7.888398541352029270e+02
-7.846695724406840782e+02
-7.870749177480340677e+02
-7.879104510522838609e+02
-7.878734713764240496e+02
-7.766143950198026005e+02
-7.715971566355851792e+02
-7.940183782079891444e+02
-7.772457759061860543e+02
-7.628114712533579223e+02
-7.739897194195859811e+02
-7.629386330730662849e+02
-7.843845026783170624e+02
-7.817984772043902240e+02
-7.789239122379476612e+02
-7.589885170753857437e+02
-7.942850824475062836e+02
-7.921336416649601233e+02
-7.800727864224428458e+02
-7.662773277192300156e+02
-7.874181355976788836e+02
-7.821025041192563094e+02
-7.871320055662877166e+02
-7.681204447859900029e+02
-7.682309833156548393e+02
-7.712781909851760247e+02
-7.831112481236411895e+02
-7.783770315463225415e+02
-7.824123116373938274e+02
-7.853564027407172716e+02
-7.533436984074946849e+02
-7.672593813819435127e+02
-7.684170680977022130e+02
-7.397414405363402921e+02
-7.808007189381336275e+02
-7.831380675436103047e+02
-7.789090256701432509e+02
-7.924301404276859557e+02
-7.969630656780991558e+02
-7.634072052146499345e+02
-7.711237768874161702e+02
-7.706787035493608755e+02
-7.819424931283652995e+02
-7.595692661467503513e+02
-7.988745071326784455e+02
-7.890747144391991696e+02
-7.666512273622998919e+02
-7.602317971759014199e+02
-7.755633781323255107e+02
-7.773427810265284279e+02
-7.728251091634672321e+02
-7.773593197340414918e+02
-7.774907811720061090e+02
-7.924336313418018563e+02
-7.882960670296372427e+02
-7.789922818262942883e+02
-7.757411639985120928e+02
-7.687293565244161755e+02
-7.976876602608715530e+02
-7.650249253748881983e+02
-7.629483124797565097e+02
-7.807963715825130748e+02
-7.585009159645067029e+02
-8.048503991929101176e+02
-7.684056444880554864e+02
-7.669512809760401524e+02
-7.651051197964875428e+02
-8.033273056717126792e+02
-7.866420238032093266e+02
-7.964874637803267206e+02
-7.753759497156145244e+02
-7.760722625039022660e+02
-7.523985522594564372e+02
-7.736177052962833613e+02
-7.649683906128091166e+02
-7.656166785604461893e+02
-7.602615551764140491e+02
-7.614936592173670533e+02
-7.846771010326248188e+02
-7.952508474010098780e+02
-7.884250370368856693e+02
-7.739750633855965134e+02
-7.639655637059386208e+02
-7.811433755247212503e+02
-7.705468327619535103e+02
-7.594837799561121301e+02
-7.546872212335463246e+02
-7.511673750796026070e+02
-7.636686356718656725e+02
-7.670617842974766063e+02
-7.878992687133435311e+02
-7.821304360494523280e+02
-7.839059976715802804e+02
-7.537061471829134689e+02
-7.962450705609237502e+02
-7.762248653133995049e+02
-7.615306214921371293e+02
-7.633315351847102193e+02
-7.565910672622649145e+02
-7.709009755738089780e+02
-7.841277952369857758e+02
-7.772262748370214922e+02
-7.688754013980201307e+02
-7.813941190468324294e+02
-7.982311152482775469e+02
-7.500005222308036537e+02
-7.823259703176015591e+02
-7.792763852287091595e+02
-7.852857185579241559e+02
-7.847883849459885823e+02
-8.070811109292725405e+02
-7.653342677201135302e+02
-7.765493758144964431e+02
-7.872328079276880999e+02
-7.736590058922008666e+02
-7.579750575991315600e+02
-7.638940101359033861e+02
-7.637933334700362593e+02
-7.544264403548952487e+02
-7.695583148118557801e+02
-7.996752413987642285e+02
-7.799045483540287478e+02
-7.955118082322103419e+02
-7.618054680038840161e+02
-7.914655544313784503e+02
-7.947410301846543916e+02
-7.901101627404834744e+02
-7.897161424342450573e+02
-7.788854480786590102e+02
-7.423801171307637787e+02
-7.633818151285424847e+02
-7.792587230818211310e+02
-7.965991860668823392e+02
-7.891705092229665297e+02
-7.719728876420590495e+02
-7.907360592532353394e+02
-7.730590177812480306e+02
-7.725143676106381463e+02
-7.585072468762951985e+02
-7.888187781195867956e+02
-7.914039193758233068e+02
-7.812023930208270031e+02
-7.815824484333327291e+02
-7.826003660675571609e+02
-7.986066908461516505e+02
-7.787310654105160665e+02
-7.735261725192693802e+02
-8.015568369104921658e+02
-8.050028775835880879e+02
-7.609192771041323340e+02
-7.739532830196214945e+02
-7.899298860947292269e+02
-7.808126799755605134e+02
-7.785511097506707756e+02
-7.754721042713958923e+02
-7.610267182644756758e+02
-7.561984735156413535e+02
-7.844648390811081526e+02
-8.047929836200887621e+02
-7.868801725826824622e+02
-7.715727586266539220e+02
-7.854245181191363372e+02
-7.821131963769039430e+02
-7.618014511076019062e+02
-7.582072941192384405e+02
-7.581066410700129836e+02
-7.627278511419513052e+02
-7.775336056453854781e+02
-7.592381206329403085e+02
-8.045046572781664054e+02
-7.672621145987957334e+02
-7.722171336264822230e+02
-7.798944754739222844e+02
-7.797974755272028915e+02
-7.714744923450500664e+02
-7.825831122763544272e+02
-7.821955425839157670e+02
-7.681116621745948123e+02
-7.744484740492911214e+02
-7.527984479623662537e+02
-7.747597097660553800e+02
-7.619702302533944476e+02
-7.571741413620538879e+02
-7.726818315054522373e+02
-7.894348090321859672e+02
-7.854377289740123160e+02
-7.808351951632694181e+02
-7.707390598023039274e+02
-7.802340990844990074e+02
-7.575343881861984983e+02
-7.436374033802458143e+02
-7.878290987885582126e+02
-7.669783711272986011e+02
-7.815080841177202728e+02
-7.654130150571693321e+02
-7.805560118567825612e+02
-7.996760374337305848e+02
-7.774502118645293649e+02
-7.840433203581817452e+02
-7.582734506115928070e+02
-7.803399542555321204e+02
-7.815907215724179196e+02
-7.553017985229224678e+02
-7.686763217645357145e+02
-7.942440394466278804e+02
-8.016017585146593092e+02
-7.913374483824470644e+02
-7.758089147834223240e+02
-7.960805053812006236e+02
-7.541468926472257408e+02
-7.698617223518344872e+02
-7.709682297099444668e+02
-8.043940582859133883e+02
-7.838362872460087374e+02
-8.142927530310913653e+02
-7.771743184223988692e+02
-7.846310600628812608e+02
-7.916003121403612113e+02
-7.926384557738581407e+02
-7.848369927017583905e+02
-8.127143458176843751e+02
-8.031354497637095164e+02
-8.001478976962487195e+02
-7.539065065060182178e+02
-7.897245494273734039e+02
-7.829769292050580134e+02
-7.941968476999659288e+02
-7.707458751928473930e+02
-7.646857027894714065e+02
-7.660944098429299629e+02
-7.512717202585296263e+02
-7.618302704596395643e+02
-8.010704060764994665e+02
-7.571858310000638994e+02
-7.726279212701931556e+02
-7.727113031182542500e+02
-7.885078562317559090e+02
-7.867467728128422095e+02
-7.550691584965497896e+02
-7.881841441464436002e+02
-7.810937223773402138e+02
-7.780631013335128046e+02
-7.517065972124130440e+02
-7.608151770163173069e+02
-7.814178779183193910e+02
-7.608636977856087924e+02
-7.969448812653540699e+02
-7.617089162266083804e+02
-7.896597318576322095e+02
-7.640925823624545501e+02
-7.805352888619747773e+02
-7.843855940980249670e+02
-7.718041612076888214e+02
-7.756351319537891413e+02
-7.814655482625450986e+02
-7.606809004581734825e+02
-8.023720333531700817e+02
-7.672228446379214120e+02
-7.632696269067864705e+02
-7.747948967957461264e+02
-7.840881681694770577e+02
-7.781011250916167228e+02
-7.933367869312996845e+02
-7.589823541375978948e+02
-7.540797188124636250e+02
-7.770546749610048209e+02
-7.683257281416415481e+02
-7.714647566923006252e+02
-7.801250273177524832e+02
-8.003440790153606486e+02
-7.657288465835184752e+02
-7.786299491213827650e+02
-7.617119198074776705e+02
-8.054123323480523595e+02
-7.822388862673610674e+02
-8.025074751405792313e+02
-7.910474467570071511e+02
-7.624778437686303505e+02
-7.880164195154410436e+02
-7.789307745768221594e+02
-8.190711967674474181e+02
-7.705951014867716822e+02
-7.814494614256625482e+02
-7.800096787606610178e+02
-7.851009597735503576e+02
-7.579476445282998611e+02
-7.736379553429685529e+02
-8.045008446627724652e+02
-7.859988267420875445e+02
-7.993203363522673044e+02
-7.679196560657774171e+02
-7.705355313048314656e+02
-7.680854055413785773e+02
-7.762277974132442750e+02
-7.809075272290356224e+02
-7.887864609878008650e+02
-7.797276000942343899e+02
-8.020515139201993406e+02
-7.846089704153658886e+02
-7.521040303097752258e+02
-7.843967906681032218e+02
-7.462957540573711412e+02
-7.664851481572563898e+02
-8.054209224628748416e+02
-7.688476016100598827e+02
-7.660693930997379084e+02
-7.846145441678105499e+02
-7.758628581771561130e+02
-7.920728239911867377e+02
-7.955286208669448342e+02
-7.865563346877297590e+02
-7.923866729149937100e+02
-7.856823807136165669e+02
-7.697845502797206336e+02
-7.449876898284928757e+02
-7.743768572388039502e+02
-7.691958568417030619e+02
-8.019198802321207040e+02
-7.808754707699822575e+02
-7.520503662942667233e+02
-8.132230393640558077e+02
-7.688589368321154325e+02
-7.540775834092196419e+02
-7.792386745342978429e+02
-8.025406475611612223e+02
-7.689983570552244601e+02
-7.761807806771803371e+02
-8.044178713763748192e+02
-7.708998398742585323e+02
-8.070026728132809239e+02
-7.694705347095859906e+02
-7.753537610710977788e+02
-7.793691011680863312e+02
-7.662267512559934630e+02
-7.861058090496139812e+02
-7.789224478594487664e+02
-7.752887664709151068e+02
-7.815325370299244696e+02
-7.590717890710049005e+02
-7.647798999822873611e+02
-7.547739507328901709e+02
-7.865228997539934426e+02
-7.860902290139833895e+02
-7.748453156524075212e+02
-7.667638439700619983e+02
-7.807389342023743666e+02
-7.873366061463159440e+02
-7.867422785718470095e+02
-7.747410250243156042e+02
-7.804546650925495896e+02
-7.959071255003004808e+02
-7.914816388798178650e+02
-7.714771859560298708e+02
-7.922978812057103823e+02
-7.908536456055403505e+02
-7.754473057740174227e+02
-7.528351676314051701e+02
-7.616413984270351420e+02
-7.399362334301811188e+02
-7.663649076052427063e+02
-7.832671895630464860e+02
-7.701770661542213929e+02
-7.731773619552325272e+02
-7.785132277572747626e+02
-7.956963117265240726e+02
-7.925301085723360757e+02
-7.810516244222105797e+02
-7.767457434586350473e+02
-7.778032168957219028e+02
-7.923154678417165542e+02
-7.878756121285600784e+02
-7.596738405048004097e+02
-7.706533140341190347e+02
-8.105535069005657078e+02
-7.798247536352553198e+02
-8.056403837309453593e+02
-7.571998236241101949e+02
-8.178754225027898883e+02
-7.793603709174385585e+02
-7.649553800144976776e+02
-7.692890366489010603e+02
-7.960157393370146792e+02
-7.772903040300645898e+02
-7.605333959949208520e+02
-7.724890384766706575e+02
-7.953105316849444080e+02
-7.930289665664292897e+02
-7.781003848011267792e+02
-7.658346956120714140e+02
-7.618925081708914604e+02
-7.736476692735373035e+02
-7.758621854754223932e+02
-7.981703959135427340e+02
-7.680046500133325935e+02
-7.751777509551938010e+02
-7.888403127196363585e+02
-7.868688664211672403e+02
-7.690558078680729750e+02
-7.698279801568908169e+02
-7.951872213276669754e+02
-7.605329737135386949e+02
-7.723037640877378180e+02
-7.782340310497384053e+02
-7.771270045759688401e+02
-7.765667835077214249e+02
-7.704146652799736330e+02
-7.812845165625959680e+02
-7.661587056893524732e+02
-7.647635424419297578e+02
-7.829608743296168996e+02
-7.888506169449010486e+02
-7.646066998930741647e+02
-7.889073637066487663e+02
-7.795486450263736060e+02
-7.636639856807672686e+02
-7.764739357448320334e+02
-7.710678593026298131e+02
-7.795408471549280875e+02
-7.656307606183260077e+02
-7.791977061002462506e+02
-8.024113098579941834e+02
-7.810835538301851102e+02
-7.566022241302993052e+02
-7.745549958872227307e+02
-7.727482404038280492e+02
-7.832330688449733316e+02
-7.624430210920438640e+02
-7.767669767519910238e+02
-7.922575829806526144e+02
