Model: gaussian
Real logL: -899.1770958503305
Mean sim logL: -611.9854630916394
Std sim logL: 233.00313498876346
Delta TS: -287.19163275869107
Significance: -1.2325655308137413 sigma
TS_sim array:
-7.677129597011509077e+02
-7.695752445634560672e+02
-1.598940981272083945e+02
-7.539901335077088333e+02
-7.621956289870165620e+02
-7.668730435490163018e+02
-7.565413547220205146e+02
-7.468404829697769856e+02
-7.457220376304346701e+02
-7.743896762583387954e+02
-2.380502211627189126e+02
-7.578728546942113553e+02
-4.704526009246380909e+02
-7.684697124093877392e+02
-7.915785221179132805e+02
-7.665943812882829889e+02
-7.681171627121505026e+02
-7.694014860809488709e+02
-1.879537335011779078e+02
-7.560474241981712566e+02
-7.499775076407879624e+02
-7.854298674214285256e+02
-7.570132667513011029e+02
-2.888588052170938454e+02
-7.817361975613298455e+02
-7.722668377659639418e+02
-2.373627538917245374e+02
-2.984462841391653001e+02
-7.723636741651625925e+02
-7.707932517836422903e+02
-3.393078080099811018e+02
-7.471672419808643326e+02
-7.721258492702174863e+02
-2.473522529840051334e+02
-2.719498831788125699e+02
-7.562315144689009685e+02
-7.710862287521948701e+02
-7.622408491957569368e+02
-7.838625411007905086e+02
-7.874762758375545673e+02
-7.767003864948512728e+02
-7.824124048454907552e+02
-1.823154593312900715e+02
-2.615731700176676213e+02
-7.689166016133744961e+02
-7.672652809200948241e+02
-7.939069068312624040e+02
-7.632888881296548789e+02
-2.445680336116480191e+02
-2.864047644635561483e+02
-7.572714885248185510e+02
-7.619431883602844664e+02
-7.639935529216204486e+02
-7.672139599217097157e+02
-7.573802510941120545e+02
-7.794771196690797979e+02
-7.576629251770676774e+02
-3.300967032776726455e+02
-7.636604054139779691e+02
-3.551418975991257980e+02
-2.986760227789706619e+02
-7.749770013774129893e+02
-7.677441317399586751e+02
-2.565987086383335054e+02
-2.745875145833171018e+02
-2.789639298148662192e+02
-3.252803202278685148e+02
-4.961991285540183299e+02
-2.727215667220785349e+02
-7.654435921223774812e+02
-7.835245257663310667e+02
-2.719344176126828074e+02
-3.099001781779346629e+02
-7.731250933264266223e+02
-7.892188608372597400e+02
-2.999954926252168548e+02
-2.626149149230268449e+02
-7.749237771300320219e+02
-2.360309116544109145e+02
-7.642877766386696976e+02
-7.691287354862101893e+02
-2.788700234892256162e+02
-7.740701266755386314e+02
-7.926304901401276766e+02
-2.545554170332781609e+02
-7.758309775298530440e+02
-7.594415478758176050e+02
-1.963494117233240104e+02
-3.091481589490455235e+02
-7.611469089813576829e+02
-7.668030060145424613e+02
-7.569515426750060669e+02
-2.648942834056626339e+02
-7.574313144271525289e+02
-2.775074686273889597e+02
-7.712239807838885781e+02
-7.682836429387673434e+02
-7.689321559718681556e+02
-7.661127451196923630e+02
-7.590418314047894910e+02
-2.650274751953264740e+02
-8.020671196825963989e+02
-7.440602173534682606e+02
-7.742558140368462318e+02
-2.106952452896121599e+02
-1.826587964308869516e+02
-7.619291506253834996e+02
-7.640244321221098289e+02
-7.823486458265933834e+02
-7.846059693652935039e+02
-7.499891692802248144e+02
-7.765279520601608283e+02
-7.490259659247872150e+02
-7.567215074848077165e+02
-7.744553637979710174e+02
-7.586430970240523948e+02
-7.710606673915913234e+02
-2.395505699959874164e+02
-7.641391641990695689e+02
-4.331655404980839421e+02
-7.601877984633352980e+02
-7.714963546571475490e+02
-7.624086932223297026e+02
-1.947029465120698433e+02
-3.920010728871735637e+02
-2.378439843931668918e+02
-7.719380160002820048e+02
-7.631502715649437505e+02
-1.877583083322063544e+02
-2.835553008107748383e+02
-7.647318531474122665e+02
-2.845518965015564845e+02
-1.963800894389145242e+02
-2.657605788673200777e+02
-7.532979887849674014e+02
-2.017843090986577295e+02
-7.715235701951520468e+02
-2.499281670283476728e+02
-7.559699086399007228e+02
-7.560254404736102742e+02
-7.554590410193252410e+02
-7.587663619871037781e+02
-3.088259060093743074e+02
-7.693984980654993251e+02
-7.823423928726593886e+02
-2.765225053102518586e+02
-7.624516303973182403e+02
-7.696074395538455519e+02
-7.625541015419718178e+02
-7.894641438368960280e+02
-7.721778591405989118e+02
-7.663761236457534096e+02
-7.746244813036689720e+02
-7.505468106856976647e+02
-2.293036593323946875e+02
-3.124987399671848038e+02
-7.654275536035571577e+02
-2.288176243670939698e+02
-2.919655263677478843e+02
-2.536292573243973152e+02
-2.273689915242943584e+02
-7.410415266063054105e+02
-7.591418482284138918e+02
-7.741501735751007800e+02
-2.672798895197724960e+02
-2.520225069900748167e+02
-7.603012662833747299e+02
-7.543438628005635564e+02
-7.672535124651327578e+02
-3.348905637337953749e+02
-7.799500507805131519e+02
-2.894628476071920886e+02
-1.962291584486400779e+02
-7.608596139089163444e+02
-7.592710393559277691e+02
-7.555828607172022657e+02
-2.706256964540125409e+02
-7.842581472553142703e+02
-3.145105682687171793e+02
-2.986193075235519245e+02
-7.733261430694078626e+02
-2.530188587651458647e+02
-7.576371127368439602e+02
-2.973688490462977825e+02
-2.864737046349852676e+02
-7.834306021797799531e+02
-2.063762642856918319e+02
-7.660549766052835139e+02
-7.712390077841890843e+02
-7.776774315832328739e+02
-7.687145384353541431e+02
-7.741732977850833777e+02
-2.419611703116686954e+02
-7.475863669611501336e+02
-7.893420946248018026e+02
-7.645015082453763853e+02
-7.660386412293503327e+02
-2.697466013003808598e+02
-7.784885881809793773e+02
-2.927493425061118160e+02
-7.699685061290050498e+02
-7.727049235964780109e+02
-7.720848351409814541e+02
-2.612633144125920808e+02
-7.628988372766460770e+02
-7.553849650757388190e+02
-7.696789182141528727e+02
-7.707002776918768632e+02
-7.767402509212454333e+02
-3.285164698684071709e+02
-2.988159660352820310e+02
-7.644109611081873936e+02
-7.628254274914809230e+02
-7.645182054213639731e+02
-3.158682232160512626e+02
-7.624997792191726376e+02
-7.535242010688941718e+02
-2.812155419790306041e+02
-3.159964042601731080e+02
-7.565122802849830350e+02
-7.719045265054850233e+02
-7.550361072532516573e+02
-7.535171623477756384e+02
-7.752599580616904404e+02
-2.758848366909539891e+02
-7.753215677835881934e+02
-7.518908175729045524e+02
-2.415345676228506022e+02
-7.701069899395075709e+02
-7.595376050846184626e+02
-7.787742738191768694e+02
-3.069586471209789806e+02
-2.266065988203114330e+02
-1.445817119041608407e+02
-3.459648196445027111e+02
-7.640251245562998292e+02
-7.780541804186314039e+02
-7.600897901068917690e+02
-7.644738216362068215e+02
-3.126833428943751869e+02
-7.572414450060906574e+02
-2.844500021508169425e+02
-7.631210731682949699e+02
-2.866257005107931377e+02
-7.686702951111806215e+02
-7.690999021252295051e+02
-7.643451610418428572e+02
-2.719685258959540306e+02
-7.768387358712634523e+02
-7.747118325065906674e+02
-2.420277577585519850e+02
-7.524384588988257292e+02
-7.684612539259127288e+02
-7.690678112261012984e+02
-7.579092054991460827e+02
-7.641318419862921019e+02
-7.575442220429970348e+02
-7.604986478135604102e+02
-7.604070602371490395e+02
-5.847264369910442383e+02
-7.607431739706371445e+02
-7.546797273377592319e+02
-7.733232299083824728e+02
-3.096266070260098786e+02
-2.392755686730615992e+02
-7.651963592851002431e+02
-3.448801319517098136e+02
-7.754685072229659681e+02
-7.612152389715595291e+02
-7.708072133293698016e+02
-1.798839882513299813e+02
-2.845625476579007227e+02
-7.729893797346493329e+02
-7.581845166444426241e+02
-7.627416445450692208e+02
-7.589870971633035879e+02
-7.561096991709999884e+02
-7.676190715894233563e+02
-7.703432788098684796e+02
-3.277131384895309338e+02
-7.571945234815071899e+02
-7.783909842287856691e+02
-7.718036126217946276e+02
-7.656720533891484592e+02
-3.240516712888707502e+02
-7.558344646923692380e+02
-2.115998512831775713e+02
-7.743339052044891559e+02
-7.760215934777043003e+02
-7.879901757111954339e+02
-1.861961225196229748e+02
-7.658121184192691544e+02
-2.275654872021306119e+02
-7.641758935617508541e+02
-7.650189779133136199e+02
-2.615044353764597531e+02
-2.394925928838591176e+02
-1.970320139568456739e+02
-7.905686248161608773e+02
-7.618003937928365303e+02
-7.623753259880113546e+02
-3.158456496623766157e+02
-7.581641951209203398e+02
-7.659066246834009917e+02
-7.697878963482113477e+02
-7.917403515647254153e+02
-7.577054865023389993e+02
-7.723931123452875909e+02
-2.298834686614139287e+02
-7.670816963355529197e+02
-7.886471867943882899e+02
-7.667995062502427572e+02
-7.566860991155922420e+02
-3.009482824748046710e+02
-7.716036674641397894e+02
-7.621188187474242568e+02
-7.672436252406648691e+02
-7.606904491180659988e+02
-7.588111666305283052e+02
-7.596238046018994510e+02
-7.604689615586344189e+02
-7.794721351952339319e+02
-7.904534585651024372e+02
-7.735653260220044558e+02
-2.195457183159037982e+02
-2.822736098620737835e+02
-7.545799092267185415e+02
-7.567309341048369333e+02
-7.570206013249559192e+02
-7.746536374031873038e+02
-2.775090047011792649e+02
-7.793740879591738349e+02
-7.595110085856681508e+02
-7.664083820372464970e+02
-7.677519321597359294e+02
-2.587584962483125537e+02
-2.979649631880528204e+02
-2.809398426778332123e+02
-7.641445049628888455e+02
-7.646006965011144985e+02
-2.240089656743679711e+02
-7.807757356775944118e+02
-7.544401366988043947e+02
-7.808547079028630833e+02
-2.191899218211895004e+02
-7.680547432591461074e+02
-7.535834347673753655e+02
-6.226908471957860911e+02
-7.655974153536342328e+02
-7.700476502018357223e+02
-7.586646871926161566e+02
-7.532934106004074692e+02
-7.782958211556067454e+02
-2.889484090771005640e+02
-7.689096966241645532e+02
-7.779330703400710263e+02
-2.856868795167509916e+02
-7.676042728674249247e+02
-2.525736446475677894e+02
-7.788262382405748667e+02
-7.608408043638744402e+02
-2.181251470676200768e+02
-7.524542221464012073e+02
-7.805769708651014298e+02
-7.925123619022112962e+02
-2.967585385957156632e+02
-2.055733737514702852e+02
-7.533859858588376710e+02
-2.567805469192448413e+02
-4.639918743295506260e+02
-7.724247015093183109e+02
-7.697934672276286392e+02
-7.625713322801285585e+02
-2.661484714288509394e+02
-7.759693487987713070e+02
-7.745558523302445337e+02
-7.559238609974512428e+02
-7.561357094356742437e+02
-7.643777948632064181e+02
-7.747127187090397911e+02
-7.604459071731515678e+02
-2.976862871161853263e+02
-7.784953198087373494e+02
-2.842166600126203093e+02
-2.464723031801600541e+02
-7.660383199877139759e+02
-7.781851925494114539e+02
-2.567408581021319378e+02
-7.764682103278673821e+02
-3.162053018760461214e+02
-7.787845280943867010e+02
-7.656338385985965260e+02
-2.567864555375772397e+02
-7.773739680517500119e+02
-3.992503978172781558e+02
-2.775492095142548123e+02
-7.402764545755605923e+02
-7.635487166524836766e+02
-7.524078020146728250e+02
-7.643324357004808007e+02
-7.704708497951440904e+02
-3.246997858908999888e+02
-7.549048597198210473e+02
-2.508674126785115561e+02
-7.733128301127670738e+02
-2.233226538379506962e+02
-7.610307181488813058e+02
-3.031503899488017737e+02
-7.527789722166315869e+02
-2.531450318247813414e+02
-4.997396720994954649e+02
-7.761823806375596178e+02
-7.659821809858085544e+02
-7.685665448886097693e+02
-2.790866160644908405e+02
-7.686008058394637601e+02
-7.556955164265139047e+02
-7.557217360209356229e+02
-7.658406594691642795e+02
-7.956295872152688844e+02
-2.544594978990901950e+02
-7.628742774231866406e+02
-7.556942740245812047e+02
-7.633801693392848620e+02
-7.613541426986028000e+02
-7.420367759304679112e+02
-1.985077142111443607e+02
-7.622182149174303731e+02
-7.892640034268511045e+02
-7.584017546216819028e+02
-2.311225543858864171e+02
-2.660716837166978621e+02
-7.680523501541704263e+02
-2.349200065958329446e+02
-7.625158824224301952e+02
-7.671306456510783391e+02
-7.779056889211028647e+02
-7.679087788653697544e+02
-2.957555450399997881e+02
-7.449968062569737413e+02
-7.726758295793267735e+02
-7.748080034229296871e+02
-7.814904049234044123e+02
-2.532460130917388597e+02
-7.630082933989745015e+02
-7.710476093573518028e+02
-3.125222528823334756e+02
-7.678356371416763295e+02
-7.730124830516861039e+02
-7.581346150488133162e+02
-7.476757506565970743e+02
-7.600596747015208621e+02
-7.752148759536282796e+02
-7.712125414249326241e+02
-1.324133863141542520e+02
-7.805355249326260036e+02
-7.774093428941457660e+02
-7.909616386610273366e+02
-7.536701543663942857e+02
-7.697194623449576056e+02
-7.592599354414370509e+02
-7.649666580550798471e+02
-7.613419713650916947e+02
-7.733047852739800874e+02
-2.785055836012236909e+02
-2.579929774928370989e+02
-7.830017616936388549e+02
-7.611644615895777406e+02
-7.643604244657568643e+02
-7.703889251001235152e+02
-7.638065670531184423e+02
-2.729063944691533834e+02
-7.726144087901965349e+02
-3.073834833601516721e+02
-7.713991027781119101e+02
-7.702158073459233947e+02
-3.111116909431108297e+02
-7.811505936295917536e+02
-2.542979530199603744e+02
-7.529740799630194488e+02
-7.658297547613640290e+02
-7.608608080483379581e+02
-7.656232212712084220e+02
-7.750630781619420304e+02
-2.720814037385482607e+02
-2.191785330109545669e+02
-3.332955443800627222e+02
-7.708122691896262495e+02
-7.700638472351089376e+02
-7.634348394118812848e+02
-2.286794191413973181e+02
-7.493402349219677490e+02
-2.294595393651157451e+02
-4.603747197663228690e+02
-7.640576153933702699e+02
-7.462698159031881460e+02
-7.618702019704153372e+02
-7.718727732242332422e+02
-7.792824881513022319e+02
-7.624260256616071274e+02
-7.836104547649329106e+02
-2.638816750139929468e+02
-7.678064363965638677e+02
-7.700036715194030421e+02
-3.111779810424309858e+02
-7.689761237113651760e+02
-7.790423123638599918e+02
-7.833627446617344958e+02
-2.411908501322281779e+02
-2.303089112574893704e+02
-7.693975763214000381e+02
-3.010782203726419084e+02
-2.486696528939010307e+02
-7.741839300166186604e+02
-2.973144655931562284e+02
-7.726578266176938996e+02
-3.284745557124647348e+02
-7.479560320767031953e+02
-2.921321351750818849e+02
-7.780383406117437062e+02
-3.801696514412928423e+02
-2.822565776212001651e+02
-7.713413107547721665e+02
-7.784997737361355803e+02
-2.412294669173568877e+02
-3.145050145137299751e+02
-2.482549173036413208e+02
-7.461730311465128125e+02
-7.780921715207841771e+02
-2.533225996717298756e+02
-7.604744866644689409e+02
-7.569010959903279172e+02
-2.047581769125639255e+02
-3.397934288105121823e+02
-7.723170901815549314e+02
-7.700177480199847651e+02
-2.329716225227262498e+02
-7.794556920505424387e+02
-2.911383123426181783e+02
-7.630450267407305773e+02
-2.851933491547036397e+02
-7.574207128528762496e+02
-7.683282636037774864e+02
-7.581040360047011291e+02
-1.821921296072112000e+02
-1.333854646393877488e+02
-7.674598435806913130e+02
-7.476668279544317102e+02
-7.782901548789811841e+02
-7.737079123087684138e+02
-7.676178553509091671e+02
-2.559910817272427153e+02
-7.944277554812138078e+02
-7.618962744854002267e+02
-7.678135484007893865e+02
-7.555354131239889739e+02
-7.552179550345026655e+02
-7.712873744689879913e+02
-7.790007227436859694e+02
-7.580710698781326755e+02
-7.671521977209138186e+02
-7.841871819263391217e+02
-2.143773318657775064e+02
-7.674214202186101375e+02
-7.610182994788737005e+02
-7.665952210023864382e+02
-2.632996189434839494e+02
-7.592116493410894691e+02
-4.540964588416258039e+02
-7.627942698467018090e+02
-7.672923697957157856e+02
-7.816801617606965920e+02
-7.674439439022818306e+02
-7.752397957141184861e+02
-2.922433017533577413e+02
-2.749705415080061925e+02
-7.641284783364421855e+02
-7.719592196725836857e+02
-7.752839600728252663e+02
-7.512439956431999235e+02
-7.908808827265570471e+02
-7.622102306646838770e+02
-3.355976614496613593e+02
-2.829354819168487438e+02
-7.709161627665205287e+02
-7.919461833378427400e+02
-7.700574309436881322e+02
-2.132056323588324176e+02
-7.762211205911341949e+02
-6.373879757640816024e+02
-7.573779569137108183e+02
-7.688100135369984400e+02
-7.674153429729075242e+02
-2.875497341865118415e+02
-3.005507980388533724e+02
-7.659593103577337843e+02
-7.788572506224392100e+02
-2.189345378578255463e+02
-7.745436551746571467e+02
-2.934576299908615056e+02
-7.676517155050127030e+02
-7.852305970002576032e+02
-2.739610094774083109e+02
-7.686975303166987032e+02
-1.577625373157100626e+02
-7.447782654647562595e+02
-7.679878381511764474e+02
-7.662728671885497533e+02
-3.043036706504200311e+02
-7.659381982678339682e+02
-7.786161187939489992e+02
-7.708112548275040581e+02
-7.727472553762644338e+02
-2.309613703349886578e+02
-7.594774025739091030e+02
-7.727224431297887577e+02
-7.545996501700383305e+02
-7.703761968223725489e+02
-7.675116832688627255e+02
-7.578510777618021166e+02
-3.336256020721520485e+02
-7.477424638998261344e+02
-7.688569332619213128e+02
-7.619020383854355032e+02
-7.895893452074046763e+02
-7.810372636682718621e+02
-2.847363111658338539e+02
-7.453142861750413886e+02
-2.604055240375492417e+02
-7.594582779582440253e+02
-7.798166838944409847e+02
-7.712363050673537828e+02
-7.803466898790327377e+02
-7.591176030762292157e+02
-7.730656515352001179e+02
-7.693836189014143656e+02
-7.601357265302494852e+02
-7.835799575210444345e+02
-2.328454805781031212e+02
-7.771415483750062094e+02
-7.703326563775458453e+02
-7.767841862456194804e+02
-7.745571300871114317e+02
-3.402322653739759630e+02
-7.563622305113490256e+02
-7.663206553693894421e+02
-7.636835267702088004e+02
-2.555335253310745998e+02
-2.440011585786157866e+02
-7.534161483942081077e+02
-7.566879963031954048e+02
-3.178027394072514653e+02
-7.755226611797015721e+02
-7.501407242324416984e+02
-7.703448208911186157e+02
-7.746584728998629998e+02
-7.708951097957733509e+02
-2.201598702608319229e+02
-7.713989557638585666e+02
-7.760079753270409810e+02
-7.421555151650427433e+02
-1.910895664702924819e+02
-7.847274542441259655e+02
-2.094804267493879593e+02
-7.579395414234236341e+02
-3.296992651379351855e+02
-4.454146525708229660e+02
-2.603851655859956509e+02
-2.984763386845070272e+02
-7.731258741608415903e+02
-2.014443407649464177e+02
-3.418206627859108266e+02
-7.681458981205705641e+02
-7.758441585597204266e+02
-7.562474791492179520e+02
-7.660259682429744998e+02
-7.695752870377784802e+02
-7.679656367932898320e+02
-3.098198847604084563e+02
-2.692758463465702903e+02
-7.678644783998754519e+02
-7.617830648120784645e+02
-3.127817444916665863e+02
-7.638848958384810430e+02
-3.417891768590414472e+02
-7.491803017098120563e+02
-1.701874682845807456e+02
-1.886459652830081950e+02
-2.476780084016196213e+02
-2.256643070912032272e+02
-7.887158583330560759e+02
-7.653692924711428986e+02
-7.521023832150133330e+02
-7.697908879158105719e+02
-3.112816346581776656e+02
-7.664590488313689320e+02
-7.751466410290174736e+02
-7.418104997564470295e+02
-7.712885467080743638e+02
-7.655727941688135161e+02
-7.621986167111620034e+02
-1.301745848621368395e+02
-2.883333110619876152e+02
-2.345207259928852750e+02
-7.875264855328841804e+02
-2.566805719144028330e+02
-3.450612397808849892e+02
-7.594253954736063861e+02
-7.802437180688871194e+02
-7.807687533880748560e+02
-7.896136060106720151e+02
-2.688627916009514252e+02
-2.464085884180207131e+02
-2.490367487572455332e+02
-2.493718083386939668e+02
-7.646284261281549561e+02
-7.615495779084976675e+02
-7.851654213836279723e+02
-6.489312561601975631e+02
-7.772713052225110459e+02
-7.610735430028857991e+02
-7.609040184672008991e+02
-7.549290731415436539e+02
-7.591070226329402431e+02
-7.728930776657259685e+02
-7.627996120436902174e+02
-7.843717432359898112e+02
-7.711308673855361349e+02
-2.186372909813639183e+02
-1.743831451862919266e+02
-1.469157339230378625e+02
-3.326717992049834720e+02
-7.616215178148415816e+02
-1.781721483101401589e+02
-2.681056989155746919e+02
-7.670689121187989485e+02
-7.687704732907884591e+02
-7.688383508657559560e+02
-2.712665998809816870e+02
-7.807533101944345617e+02
-7.605930138217772765e+02
-7.646592766953964428e+02
-7.846184979270169606e+02
-7.578737325320884111e+02
-7.606840642340687282e+02
-7.453038294443185805e+02
-7.701174428331726176e+02
-7.713385308818817521e+02
-7.740247138981847002e+02
-7.555660519567923075e+02
-7.643891550922480747e+02
-7.617354885255805357e+02
-2.780030869019273609e+02
-1.929788969676184252e+02
-7.747436953081480624e+02
-7.745718180285912240e+02
-7.749624596329413180e+02
-7.751194654208529755e+02
-7.504479916783503768e+02
-2.450607749950980860e+02
-7.776116551020870702e+02
-7.668181832396235222e+02
-7.713660789530231341e+02
-7.771215672165876640e+02
-7.574326195188425572e+02
-7.578754037602504923e+02
-7.580800754467838942e+02
-7.767831719623484332e+02
-7.714793587762912921e+02
-6.129027341437126779e+02
-2.870875171221068740e+02
-7.825616046127103118e+02
-7.699738459434634024e+02
-7.987629859379439949e+02
-7.762154661637870277e+02
-7.592371606131064254e+02
-2.711785202655837566e+02
-7.630892865708772206e+02
-2.768841492657445542e+02
-7.667081040272989867e+02
-7.821130425227681826e+02
-7.463186285728570510e+02
-7.636365191451716328e+02
-7.682827802468849541e+02
-7.756946103762672919e+02
-7.799474382236398924e+02
-7.568212702796519125e+02
-3.193302293516449026e+02
-7.788296266901745639e+02
-7.714228763878661539e+02
-7.725939619147627582e+02
-7.683279381268648649e+02
-7.847616849811870452e+02
-7.880378285349814860e+02
-7.847253937406732121e+02
-2.737878440365527126e+02
-7.453426042697858520e+02
-2.451590023477903628e+02
-7.541669788134086048e+02
-7.561051109784830260e+02
-7.724310626770472936e+02
-7.611862952013193535e+02
-7.806190206244425553e+02
-7.798239432866280367e+02
-2.596258531841332342e+02
-7.585006650015939158e+02
-7.537389651048822543e+02
-7.648157985371627774e+02
-2.566792827697637449e+02
-7.645660503717967913e+02
-7.710655699031710810e+02
-2.685529385570532668e+02
-2.153874146609202285e+02
-1.898632880750955110e+02
-3.348764564977195732e+02
-2.752614227892814824e+02
-7.664585754566512605e+02
-3.127474755012735841e+02
-7.503667579427414012e+02
-7.880645471016778174e+02
-7.530047073945684133e+02
-7.584085303395274877e+02
-2.784449764674308199e+02
-7.578312581174096749e+02
-2.317151876911142097e+02
-2.923743382342215682e+02
-7.427657964002191875e+02
-7.716687378753395024e+02
-2.728280387917010330e+02
-7.777212459588752154e+02
-7.699997496844316629e+02
-7.613586221834649450e+02
-1.758004916381868554e+02
-3.895792949147962076e+02
-7.580800286807250359e+02
-2.493803420370272192e+02
-2.593831183848872683e+02
-7.507102762922138481e+02
-7.640906170543491953e+02
-7.553965731536584371e+02
-1.110521511132514831e+02
-7.583447449065831734e+02
-7.851124354240616867e+02
-7.840815912929273281e+02
-7.530475626901625219e+02
-7.760682629660818748e+02
-7.727311834179936341e+02
-2.167844518967868055e+02
-2.591314689466095160e+02
-2.510352282071352192e+02
-7.725247705513123719e+02
-1.996674618109305470e+02
-7.641755647965184153e+02
-7.568801681919749171e+02
-7.537623112269257035e+02
-7.739707613413243052e+02
-7.679275594914932981e+02
-7.731561786240870333e+02
-7.555114690276400324e+02
-1.852617978352580224e+02
-7.671878998869240149e+02
-7.654671432891541372e+02
-7.924556044318135264e+02
-3.230081781848114701e+02
-7.576878392085482119e+02
-7.781592202402957810e+02
-7.763411042495954462e+02
-3.155455370783988656e+02
-7.585590194186356712e+02
-7.621581169747997819e+02
-7.500142698641925563e+02
-7.772130919469734636e+02
-7.793403610000307253e+02
-7.707738709443333391e+02
-7.793276884093054377e+02
-7.641793657633734256e+02
-7.662059499475068378e+02
-7.579113363432838923e+02
-7.545874357973593760e+02
-2.566777502531183472e+02
-7.565057602363152682e+02
-7.542799881092046235e+02
-7.602638419516504200e+02
-2.355938459177211257e+02
-7.657794524120309916e+02
-2.239115058110964469e+02
-7.863033906001659261e+02
-7.578053138396365966e+02
-7.585734728111212917e+02
-3.468909132092938989e+02
-2.259211517397241948e+02
-3.089694497102398714e+02
-1.354640927839551523e+02
-2.954504355080451887e+02
-7.618491196625529938e+02
-7.796451541246096895e+02
-7.723932564241451928e+02
-7.814586263381488607e+02
-7.591789401884541348e+02
-7.645065225755051870e+02
-2.485618872386454257e+02
-3.409420663049052109e+02
-2.485770792906951385e+02
-7.793817551133400912e+02
-7.584434320323233578e+02
-7.659969482363237603e+02
-7.713780002426277633e+02
-7.601070755049538548e+02
-7.588189191643532467e+02
-7.803082003439328673e+02
-7.747033481648368252e+02
-1.628786358942921311e+02
-7.533736047588930660e+02
-7.511502386341027204e+02
-1.916654268111368538e+02
-7.553503743143490965e+02
-2.708931226262477026e+02
-1.464723765554379327e+02
-7.688343748978606982e+02
-6.426129165951249433e+02
-2.457476161309967324e+02
-7.859725010900590405e+02
-3.132708547545440183e+02
-2.322482511619589332e+02
-2.116947107139824880e+02
-7.755126680170661757e+02
-2.806411013623643385e+02
-7.703272786274272903e+02
-7.706232064025440422e+02
-7.659863671513155623e+02
-3.105367777207930544e+02
-7.589120671977213988e+02
-7.785473159585542362e+02
-7.649400553287492812e+02
-7.561351768604267818e+02
-7.668125036404909451e+02
-7.688693946196210618e+02
-7.537303596408335125e+02
-7.725831459069627272e+02
-7.454297978639388020e+02
-3.086294750426648648e+02
-2.952151418566643315e+02
-2.886674230473961416e+02
-2.219831631285752565e+02
-7.657959190410240353e+02
-7.732953041443577149e+02
-2.110677620651367761e+02
-7.795553379133518774e+02
-7.540743674289838054e+02
-7.627109352145400862e+02
-7.658486650699618394e+02
-7.763462982470721272e+02
-7.780262619726038338e+02
-2.539600045757574094e+02
-3.114669523694149689e+02
-7.397386114504606667e+02
-7.759743901763426948e+02
-2.818203840159690117e+02
-2.134032950137619196e+02
-7.659048582074748310e+02
-7.733853679263110052e+02
-2.692940828695491859e+02
-7.541181795267276584e+02
-7.651771965066968733e+02
-7.469766740292810709e+02
-2.178856914169026027e+02
-7.599214771449582031e+02
-2.427263653251394544e+02
-7.509547217637428957e+02
-7.828174414350723964e+02
-7.634356309797287850e+02
-7.723769116570691722e+02
-3.028199629798806427e+02
-7.546080574872596571e+02
-7.643102044720241111e+02
-7.708878959661990393e+02
-7.578771899618582211e+02
-7.600775014099908731e+02
-7.566196381624886271e+02
-7.586766603065088930e+02
-7.731460010573508725e+02
-7.641442848344595404e+02
-7.832798110345579516e+02
-7.624494443908308767e+02
-7.779050798266810034e+02
-7.437710561557871642e+02
-7.594875838144245108e+02
-7.807895045248719725e+02
-7.728313009804207923e+02
-7.583051717054754590e+02
-7.769063257274325451e+02
-7.772281379200011315e+02
-2.806329177116530218e+02
-7.644965913055359579e+02
-2.455599342825856581e+02
-7.809934008756604271e+02
-7.712993564321892563e+02
-7.520276379628890027e+02
-2.525868112914795631e+02
-7.699085011210082712e+02
