Model: gaussian
Real logL: -63.22729132659674
Mean sim logL: -58.004982068209586
Std sim logL: 3.0020540079907057
Delta TS: -5.222309258387156
Significance: -1.7395787166009322 sigma
TS_sim array:
-5.680760494654424519e+01
-5.605382982618772303e+01
-5.647918749210968770e+01
-5.801736961663638681e+01
-6.040213311839315935e+01
-7.108666890745314504e+01
-5.986561818051803385e+01
-5.550861595856586916e+01
-6.762221098432443966e+01
-6.032210390597344229e+01
-5.660378856328828334e+01
-5.903782089149584067e+01
-5.924315034289148940e+01
-5.296370972836767521e+01
-5.826309943282743120e+01
-5.830927070306770332e+01
-6.217055572654893325e+01
-5.573299376728999022e+01
-5.376095795291542601e+01
-5.737942984455416706e+01
-6.172027714567055057e+01
-5.777072020878916447e+01
-5.522664090863981556e+01
-5.480577310074281172e+01
-5.637400187237102500e+01
-5.548711021699192969e+01
-5.761986525969633988e+01
-5.523983171008276116e+01
-5.851071508824893641e+01
-5.578818441796963867e+01
-6.120541285662535813e+01
-5.620890958334122445e+01
-5.777567738940667397e+01
-5.607708536341532124e+01
-5.745400631470440800e+01
-6.277562676774549288e+01
-5.744346014240889531e+01
-5.755595391501755387e+01
-5.581706950367738074e+01
-5.908265036831473083e+01
-5.894243159431987777e+01
-5.626513924118252419e+01
-5.848033122329959355e+01
-5.492909199107469220e+01
-5.609713904751614422e+01
-5.611109830528391029e+01
-6.627696749647260788e+01
-5.638746185385321041e+01
-6.220253882707302040e+01
-5.940952079828922905e+01
-5.798519589062171065e+01
-5.621967663245651892e+01
-5.744878350855867666e+01
-5.785991915599265667e+01
-5.824358227207234506e+01
-6.379381939216698783e+01
-5.757475171288625404e+01
-5.923706999267435691e+01
-6.140456930512918632e+01
-5.503906547599312660e+01
-5.760504584568516862e+01
-5.641399568608820658e+01
-5.727148515468197587e+01
-5.457216022940089317e+01
-5.787754858380463219e+01
-5.967579596829926913e+01
-5.689485518743696701e+01
-5.366961527476228611e+01
-5.402056606091687030e+01
-5.960787266747899338e+01
-6.075173453887165920e+01
-5.624338501793662459e+01
-5.887635211614208686e+01
-5.780008657989716170e+01
-5.588979646964686054e+01
-5.353894350009710479e+01
-5.430041167218845288e+01
-5.591174448591529256e+01
-5.898655189989118952e+01
-6.142548716478240323e+01
-5.474070352241889026e+01
-5.785894804282283843e+01
-5.383280323899011677e+01
-5.641379992849206104e+01
-5.967655755867672696e+01
-5.891901505222545410e+01
-6.343731480378357190e+01
-6.235502280693433619e+01
-5.731683782502570068e+01
-6.245991784317779150e+01
-5.808549528888519120e+01
-5.832177883713417543e+01
-5.776518331877489487e+01
-5.509954885155731574e+01
-5.758736720299685885e+01
-5.525642606175097882e+01
-5.639053001029119372e+01
-6.167532291115631438e+01
-6.031872075928093579e+01
-5.617623311192876656e+01
