Model: lognorm
Real logL: -50.293119729722754
Mean sim logL: -66.77911913840984
Std sim logL: 6.550339033767711
Delta TS: 16.485999408687086
Significance: 2.5168162019858764 sigma
TS_sim array:
-6.079359666817868657e+01
-5.792822643031792751e+01
-6.184327009421660648e+01
-7.469193665852246511e+01
-7.898578162881513265e+01
-7.243910886293797091e+01
-6.333710638520669534e+01
-7.240827267981893556e+01
-6.004873625044074714e+01
-6.923717711668746233e+01
-5.920551434259789403e+01
-6.795755314938615754e+01
-6.641856099942454250e+01
-5.680493382237586530e+01
-6.091092375105593959e+01
-7.476130347130828113e+01
-7.026152850528039551e+01
-6.510111060900268853e+01
-6.966855760148726517e+01
-6.494209552080594960e+01
-6.790416001148156511e+01
-6.115602882085955372e+01
-5.737101602620690954e+01
-6.116076664883718195e+01
-7.488817577978944939e+01
-6.005953506956565491e+01
-7.101431267897353905e+01
-6.562788849775904509e+01
-5.895850568517415979e+01
-7.283465892997186586e+01
-7.882273260558930872e+01
-7.260656082888546337e+01
-6.328926480107814001e+01
-6.689940782033045252e+01
-7.306304793573501399e+01
-6.243243169210690979e+01
-7.015951590458911369e+01
-7.005094229797593641e+01
-6.995721633257409167e+01
-7.211080782046674642e+01
-7.649361709754413141e+01
-7.327098375387265605e+01
-6.923571513869850946e+01
-6.440543566626418226e+01
-6.141401578736920897e+01
-6.179787191971088589e+01
-6.847246840231215970e+01
-7.184335827984035916e+01
-7.773539207100878912e+01
-6.870057695766492145e+01
-6.399912788124680674e+01
-8.042312844774183134e+01
-5.313473768108681838e+01
-6.333870681944275560e+01
-5.952211682656054137e+01
-6.641596297720964515e+01
-5.833927121524084214e+01
-7.222773031433789015e+01
-6.436695995157228367e+01
-6.979894162114746337e+01
-7.081992093190777382e+01
-7.243822729217851020e+01
-7.562751216587894021e+01
-6.681482586300910498e+01
-6.345019441055980991e+01
-7.186250003139863907e+01
-7.196401439186381310e+01
-5.984857027104527560e+01
-6.146233219753234778e+01
-7.491626801766267363e+01
-8.208714600874422729e+01
-5.556323243521380562e+01
-5.327376203063709426e+01
-6.268362087287540874e+01
-6.906501672994842522e+01
-6.945350386114519381e+01
-7.059008510916704893e+01
-7.915350246499488662e+01
-6.338563709055346607e+01
-7.078576014934098737e+01
-6.971639028088175394e+01
-5.895382416678572923e+01
-7.384766711639154835e+01
-7.004949877196575869e+01
-5.764937602328831900e+01
-6.585906609966660596e+01
-6.113256640905300543e+01
-6.322981333974142615e+01
-5.710298824067749734e+01
-5.469771784166917428e+01
-6.008451343557754853e+01
-6.430386658282719736e+01
-6.177624151966917765e+01
-6.019827701791822250e+01
-6.757960745236039202e+01
-7.736314475942214131e+01
-7.199732783437275430e+01
-6.629645165606068247e+01
-6.888594895069897461e+01
-5.889360447060865056e+01
