Model: alpha
Real logL: -56.820378144069444
Mean sim logL: -46.4432281182382
Std sim logL: 7.366192558325579
Delta TS: -10.377150025831241
Significance: -1.4087535648389413 sigma
TS_sim array:
-4.620013091719010845e+01
-5.200082328343381732e+01
-4.485239890809274499e+01
-4.987584391273942686e+01
-5.027954282908605421e+01
-5.120830002371212686e+01
-5.077478076221117931e+01
-4.672833900275603725e+01
-5.218636834625890941e+01
-4.737455847610144133e+01
-4.637332684149771467e+01
-6.984413557703116737e+01
-6.554804410432097939e+01
-4.735222625661502605e+01
-5.139318391392748708e+01
-3.507950631096696981e+01
-4.825952854862656238e+01
-4.857325307735605691e+01
-4.283143314735241347e+01
-4.812237191752304710e+01
-4.106540010011386244e+01
-3.086849319417030202e+01
-4.359583440870130744e+01
-4.505572977597547180e+01
-5.282040110535766786e+01
-6.318225708407986474e+01
-3.629799083056691700e+01
-5.023433216999867312e+01
-4.404597952152471407e+01
-4.032234205450006925e+01
-4.394770418839472370e+01
-4.226807082777007452e+01
-4.987300990565522341e+01
-5.027825142686609183e+01
-5.218770280773421177e+01
-4.329120370859445899e+01
-4.160045232669233428e+01
-5.107158057709150256e+01
-3.733739775531797989e+01
-4.748179206892749704e+01
-5.252702896016515410e+01
-4.720883618094706691e+01
-3.280342907602561553e+01
-4.145277673667666818e+01
-3.231135046799295196e+01
-5.039051424902448417e+01
-5.529610190957972549e+01
-5.522631881444767288e+01
-4.791971483543175481e+01
-5.426374395601327194e+01
-4.166195812805007392e+01
-4.623116088667391921e+01
-5.817196970793845878e+01
-4.523547097259068295e+01
-3.608729567582876285e+01
-3.310219836726143683e+01
-3.153380254833639640e+01
-3.822623115156389417e+01
-5.054489902591777195e+01
-4.484949497174910960e+01
-4.434390635237765821e+01
-4.509770015139780241e+01
-4.787970440349109680e+01
-5.904345089894077603e+01
-4.939093525791044925e+01
-4.414845699604727258e+01
-5.807309429004368440e+01
-4.339273685164109651e+01
-3.700617853113426037e+01
-5.037780911000098882e+01
-6.012154299492897991e+01
-5.300495944841893703e+01
-5.755779246171189811e+01
-3.940404048685168448e+01
-5.050148395139105872e+01
-5.998717688092425249e+01
-4.557857192234570931e+01
-4.675974132949517781e+01
-4.453257336560137247e+01
-4.989315941101820329e+01
-4.915411072186781638e+01
-5.600151642337338842e+01
-3.899248421882018789e+01
-3.444075809603940996e+01
-4.383103662493891761e+01
-4.895321924763902643e+01
-4.021562633689344324e+01
-3.896867429056131726e+01
-3.658122623027011144e+01
-3.987531911563898745e+01
-3.961441086763976216e+01
-4.467374371871023442e+01
-4.253118385898700637e+01
-4.473805860393180467e+01
-4.310715428921159997e+01
-4.599665339571660638e+01
-4.575314199047154773e+01
-4.692761277905795225e+01
-3.663370174478204433e+01
-4.450984555654974173e+01
