Model: gaussian
Real logL: -302.70586983931594
Mean sim logL: -352.9989281323622
Std sim logL: 6.995890110381344
Delta TS: 50.29305829304627
Significance: 7.188943436720851 sigma
TS_sim array:
-3.603037386020789654e+02
-3.572139321598830293e+02
-3.514359908209216314e+02
-3.453601055134726039e+02
-3.541195395495306002e+02
-3.523107654790217111e+02
-3.377563446408083223e+02
-3.553709694155731995e+02
-3.578107538014958209e+02
-3.459668780164845430e+02
-3.584367936764566025e+02
-3.357773805907352198e+02
-3.565310676929283318e+02
-3.500365937831843439e+02
-3.592190789419428825e+02
-3.550740895124733925e+02
-3.565915975545236165e+02
-3.583983915995266329e+02
-3.568349041129216062e+02
-3.609911136167769428e+02
-3.506503457026171873e+02
-3.460263750440753938e+02
-3.520204688604286503e+02
-3.439961555999743155e+02
-3.513865143693676600e+02
-3.518196544475299561e+02
-3.470729666839597485e+02
-3.564997550275196545e+02
-3.639172453208104230e+02
-3.428098466652315892e+02
-3.545090879506567489e+02
-3.444393080272770931e+02
-3.542660383414208241e+02
-3.412004768857815407e+02
-3.606114629495942268e+02
-3.583692529937455902e+02
-3.565120418298278082e+02
-3.640086587401440283e+02
-3.498498251927017009e+02
-3.573095264430664884e+02
-3.452616882020033700e+02
-3.581328514580485489e+02
-3.644617151306869687e+02
-3.548593090351030241e+02
-3.480078448356822491e+02
-3.566777663924141279e+02
-3.719548897448747766e+02
-3.543569607616109920e+02
-3.559113814257359536e+02
-3.603447852488576473e+02
-3.537815453922346478e+02
-3.537646473192120311e+02
-3.619530675579213153e+02
-3.507792715667570747e+02
-3.435213189750332958e+02
-3.544377998947946935e+02
-3.485186706138107411e+02
-3.465567224601559815e+02
-3.623168965334505174e+02
-3.480559145727422674e+02
-3.636872323650966337e+02
-3.624559894659915926e+02
-3.499483642491559294e+02
-3.516526208109642084e+02
-3.537276110977934422e+02
-3.578317659654962881e+02
-3.526428165479470636e+02
-3.463643664103898345e+02
-3.543194381934431476e+02
-3.505793376135803214e+02
-3.487800525429076970e+02
-3.571216744077638623e+02
-3.517409591054165503e+02
-3.541954971956913596e+02
-3.448611728373246024e+02
-3.618227666635083324e+02
-3.625765350055795579e+02
-3.502786980865812438e+02
-3.502234466176671503e+02
-3.493475176106413755e+02
-3.610459020371663996e+02
-3.522428489315101956e+02
-3.540979160333051254e+02
-3.565397517349706504e+02
-3.580090821066784770e+02
-3.604740040609458447e+02
-3.538335511484309563e+02
-3.511240449828626993e+02
-3.500263298425711582e+02
-3.522717211072300074e+02
-3.424992654295408556e+02
-3.483172893245875912e+02
-3.495326972396152314e+02
-3.629608327697937966e+02
-3.545791601579599046e+02
-3.535335964920357696e+02
-3.380318191204153209e+02
-3.518220688986941695e+02
-3.558505843171529364e+02
-3.637023198617378625e+02
-3.547564460064994591e+02
-3.669322823748796623e+02
-3.693521561801107396e+02
-3.597509284299308092e+02
-3.662813563545824991e+02
-3.516207553457788890e+02
-3.496442353041338151e+02
-3.444027864954451843e+02
-3.609119789055856700e+02
-3.505353323681837878e+02
-3.579485853719560851e+02
-3.590527671843675535e+02
-3.595776614889268785e+02
-3.553503477771187136e+02
-3.538827060291453108e+02
-3.633434694308011785e+02
-3.541607985081885772e+02
-3.555108457623201730e+02
-3.568284871038183610e+02
-3.472659621187872858e+02
-3.569068833141191135e+02
-3.349888245303818621e+02
-3.588947670238932233e+02
-3.540453834000868483e+02
-3.598602122796232266e+02
-3.520492685418757901e+02
-3.577290063375332352e+02
-3.502703208849275143e+02
-3.427543039688176805e+02
-3.562074451594191942e+02
-3.543295768485248232e+02
-3.460032850632941290e+02
-3.506713788443087196e+02
-3.559483969303465756e+02
-3.391816620349618461e+02
-3.552299741519008194e+02
-3.430889603902792828e+02
-3.569146355914162996e+02
-3.634779711516844145e+02
-3.597677363373904882e+02
-3.473182072070258073e+02
-3.603546031582653768e+02
-3.488652384697799675e+02
-3.649962921123748174e+02
-3.584156381171828798e+02
-3.515338854124137242e+02
-3.653141559762736392e+02
-3.541773146983315428e+02
-3.507558795122480433e+02
-3.562044749563913797e+02
-3.569989211507265736e+02
-3.584801215889407899e+02
-3.562462299443219536e+02
-3.360926332701688466e+02
-3.525403857184781486e+02
-3.539260521266108981e+02
-3.607680322320789514e+02
-3.610594037405543872e+02
-3.557445927375545125e+02
-3.574119925918031413e+02
-3.572822318027808706e+02
-3.615935937846326738e+02
-3.586375216108647237e+02
-3.391674424165024675e+02
-3.574109621668733894e+02
-3.391193733659538339e+02
-3.704518457466601262e+02
-3.395171133270945347e+02
-3.601019711034896886e+02
-3.492818379470621721e+02
-3.526958854144244242e+02
-3.464200027792863921e+02
-3.523412085924076109e+02
-3.531700849914107607e+02
-3.453278433349989314e+02
-3.564748272785987524e+02
-3.577233774940479520e+02
-3.508055868162890647e+02
-3.392888925003212535e+02
-3.455119942142715672e+02
-3.436097705926781600e+02
-3.605923929983357539e+02
-3.554964232103438917e+02
-3.563269354989745352e+02
-3.478991898695471718e+02
-3.548186786258168581e+02
-3.581535918591073937e+02
-3.585630140764654925e+02
-3.691771085460449626e+02
-3.453056855707365571e+02
-3.615888274204344270e+02
-3.564609334225553994e+02
-3.513221020524848655e+02
-3.418039666496163704e+02
-3.469487897123339053e+02
-3.585532512758112489e+02
-3.568372399869370497e+02
-3.439861376305129284e+02
-3.538319680901301467e+02
-3.518451724561479637e+02
-3.510208641435656887e+02
-3.590000641133594854e+02
-3.562985547302594682e+02
-3.513187557457995922e+02
-3.583772801388172411e+02
-3.530049345434666748e+02
-3.606983263230216608e+02
-3.605438251035486701e+02
-3.495216229032907904e+02
-3.518593100061607402e+02
-3.425821188440520473e+02
-3.524437312537631897e+02
-3.547954463752280390e+02
-3.511782643232853616e+02
-3.419799528160933733e+02
-3.554085755295479885e+02
-3.537304064234400585e+02
-3.385597319109058390e+02
-3.528548703653607390e+02
-3.578918713719057223e+02
-3.566315446522120283e+02
-3.607877815100221142e+02
-3.449721811689297510e+02
-3.553483777220615707e+02
-3.540467750925175210e+02
-3.576951963782649386e+02
-3.450453128507662655e+02
-3.467244048317692773e+02
-3.554048260791360008e+02
-3.395698467876463837e+02
-3.527576796597727480e+02
-3.621196347944019180e+02
-3.374367583110242208e+02
-3.484705153054933362e+02
-3.540835679022380305e+02
-3.568577965632632640e+02
-3.684704247392762682e+02
-3.491290911122202942e+02
-3.610197678752925867e+02
-3.459119189532996756e+02
-3.544059907451585900e+02
-3.511425964626573659e+02
-3.485190235500476774e+02
-3.508880933252102636e+02
-3.437561505412996326e+02
-3.490024593137599140e+02
-3.509550864525946281e+02
-3.596352485728065176e+02
-3.326195681831505908e+02
-3.558891493085487241e+02
-3.519352643335241737e+02
-3.544118381737117147e+02
-3.490317659079806276e+02
-3.598872326445238059e+02
-3.511880861428630851e+02
-3.538087127231799514e+02
-3.465045740355353132e+02
-3.519825952997149443e+02
-3.592781196873728504e+02
-3.463355405671865128e+02
-3.588288839738627303e+02
-3.467334010380030236e+02
-3.474677760967937843e+02
-3.579715539675943319e+02
-3.492089853081666320e+02
-3.561493051798206579e+02
-3.562513728615602417e+02
-3.579649474525456867e+02
-3.514855404433183708e+02
-3.625966114966038276e+02
-3.520028005200496182e+02
-3.540804026625102097e+02
-3.556417468238798847e+02
-3.591436296722784505e+02
-3.482137530467333022e+02
-3.492937309944218782e+02
-3.548059851019520465e+02
-3.558871900831425137e+02
-3.591296761452750843e+02
-3.504318870146375957e+02
-3.538914866040643119e+02
-3.602754153258619567e+02
-3.654050329686268128e+02
-3.593918766414427637e+02
-3.530219244333719075e+02
-3.538486383772172985e+02
-3.603403928378207297e+02
-3.445852846167931034e+02
-3.571185541326755128e+02
-3.617535314752116165e+02
-3.492188979288728206e+02
-3.583213721839036907e+02
-3.551598249816325961e+02
-3.639437527984425742e+02
-3.490884179801787468e+02
-3.583073961010501307e+02
-3.572617565110443820e+02
-3.490260115141174992e+02
-3.504059096418972103e+02
-3.528999536290991159e+02
-3.509817137263602262e+02
-3.462826713696587717e+02
-3.505201645142485063e+02
-3.554924489978267275e+02
-3.570582181252076452e+02
-3.594824683818221729e+02
-3.508747177795270318e+02
-3.485971788531020934e+02
-3.437682356894546274e+02
-3.446010677502838462e+02
-3.535097420555142662e+02
-3.515194232288346257e+02
-3.623604744597340073e+02
-3.544037887648385095e+02
-3.538575697497368537e+02
-3.512357279448472127e+02
-3.517219602015915711e+02
-3.490629386088793353e+02
-3.473839963117555953e+02
-3.381189447908685111e+02
-3.575377105275027247e+02
-3.531080956467015994e+02
-3.502178924178813304e+02
-3.484647637040361587e+02
-3.566729428095371759e+02
-3.605188401630297790e+02
-3.491861475369830714e+02
-3.531950251051422356e+02
-3.462648244472404144e+02
-3.604672265848880102e+02
-3.355113054973000999e+02
-3.527577267330672157e+02
-3.564223513333019469e+02
-3.488037087866216552e+02
-3.460685156934792985e+02
-3.545342013880131162e+02
-3.576978567776110935e+02
-3.474202848777429722e+02
-3.471846270837999668e+02
-3.501026582231502289e+02
-3.525907236014594446e+02
-3.601121974789426758e+02
-3.652541699522015506e+02
-3.393214980807870802e+02
-3.457536698935070945e+02
-3.531943560739072154e+02
-3.419964025309488420e+02
-3.556618144729805522e+02
-3.423300346368814076e+02
-3.493165759662238088e+02
-3.493548560620566832e+02
-3.572405635340085723e+02
-3.509393601637654001e+02
-3.471143472588262853e+02
-3.543556649232962172e+02
-3.537442393337733506e+02
-3.376151373825191513e+02
-3.600640560394948579e+02
-3.602537881232128711e+02
-3.597709385565318598e+02
-3.718405127410492241e+02
-3.632871692194033812e+02
-3.560822886093083071e+02
-3.400488714812954640e+02
-3.410557149622799216e+02
-3.400696020325117956e+02
-3.432999300306327086e+02
-3.625116203735232716e+02
-3.502496575188092152e+02
-3.567693606892204343e+02
-3.377924704910597598e+02
-3.534623835890741930e+02
-3.488391798425736283e+02
-3.624744836237326808e+02
-3.398424725413345868e+02
-3.371734574569904908e+02
-3.546027313181373302e+02
-3.687808637336175934e+02
-3.331766553524767005e+02
-3.539423905500199794e+02
-3.564719080606536750e+02
-3.546074376811331490e+02
-3.639259010746797003e+02
-3.618130720988639837e+02
-3.506631696403679825e+02
-3.471880824510025718e+02
-3.418452513066612255e+02
-3.525125470505982435e+02
-3.477652521927437306e+02
-3.544108634466667809e+02
-3.664253455227271843e+02
-3.580163995891218178e+02
-3.536569531740802859e+02
-3.585917451586385596e+02
-3.523640485955367581e+02
-3.437032429447644972e+02
-3.545565243277121681e+02
-3.557310261816057277e+02
-3.599706894113991211e+02
-3.576061418584249054e+02
-3.583725593286221738e+02
-3.551105192600463738e+02
-3.643434204631145121e+02
-3.381598192119901114e+02
-3.443276093732169443e+02
-3.559973919295471205e+02
-3.614808288448392659e+02
-3.539453947213052061e+02
-3.566013434717181099e+02
-3.451700705318903601e+02
-3.485429670886815643e+02
-3.568982096286342767e+02
-3.559502122542437519e+02
-3.549270850332154623e+02
-3.579591673378534438e+02
-3.472084820612396356e+02
-3.476041250836550489e+02
-3.590616093083191345e+02
-3.669284537818701892e+02
-3.598094021293518381e+02
-3.523377713059470011e+02
-3.570005632606148538e+02
-3.479573958104664371e+02
-3.487994743349740929e+02
-3.500050369192053950e+02
-3.592580133910611266e+02
-3.508760803380484958e+02
-3.425838537415997962e+02
-3.544454069303862411e+02
-3.520091707927006155e+02
-3.482359432015990706e+02
-3.575503761958925111e+02
-3.421605685181286844e+02
-3.534399379565297750e+02
-3.533720436036942374e+02
-3.532633472589260464e+02
-3.509167840543930197e+02
-3.522180722289211303e+02
-3.534695210475229032e+02
-3.604330776900127944e+02
-3.566469274003414967e+02
-3.471853702952979575e+02
-3.605934393962299964e+02
-3.563414652155807403e+02
-3.519000722171955431e+02
-3.559402721037706669e+02
-3.584421686883515576e+02
-3.397499513173853529e+02
-3.545472448803517409e+02
-3.531801070657020318e+02
-3.464317349165471569e+02
-3.537087597811831756e+02
-3.516614435810046189e+02
-3.562832668587711282e+02
-3.510394333840927175e+02
-3.548536325112953591e+02
-3.581582510446205561e+02
-3.449403822126985801e+02
-3.543463967838437725e+02
-3.624082178563314756e+02
-3.530922070730648556e+02
-3.425462531303395508e+02
-3.560654682520926144e+02
-3.496935129060423151e+02
-3.602784637132198782e+02
-3.446601430535232566e+02
-3.573162133809440206e+02
-3.481549283755936699e+02
-3.614529900346768727e+02
-3.410383045444320942e+02
-3.564469616103046974e+02
-3.497596162341642980e+02
-3.494839857480468481e+02
-3.476806298875338825e+02
-3.569182375922642336e+02
-3.482864973699136044e+02
-3.609449372585036144e+02
-3.562821489979951934e+02
-3.583129410741449874e+02
-3.553139487186343786e+02
-3.512747085884533931e+02
-3.570188569391960414e+02
-3.523836061861542817e+02
-3.464631754274575428e+02
-3.488769337144250358e+02
-3.683504279929162522e+02
-3.511668816265826649e+02
-3.548755218249398808e+02
-3.614954839827466344e+02
-3.361321698802030369e+02
-3.554199539174388747e+02
-3.573362405498513681e+02
-3.586115839849283020e+02
-3.511517989317549109e+02
-3.541148590938887537e+02
-3.666068040409186324e+02
-3.435742701898476525e+02
-3.379933947396318104e+02
-3.482119129439484482e+02
-3.675807402251688245e+02
-3.586171635704009759e+02
-3.586452697173496631e+02
-3.442895925018632965e+02
-3.461869073992450581e+02
-3.439175162537269443e+02
-3.486632006451555981e+02
-3.538077686187427844e+02
-3.577392490147273065e+02
-3.311100426178907128e+02
-3.527541826880827784e+02
-3.556694353208788471e+02
-3.397348536249656377e+02
-3.493593857193612280e+02
-3.542849317410585854e+02
-3.556699900162087715e+02
-3.499164778044587933e+02
-3.699841057121586800e+02
-3.523745997434548372e+02
-3.436608865204356107e+02
-3.534268670893612239e+02
-3.504657271494053248e+02
-3.599734173621219497e+02
-3.677716693344559076e+02
-3.602673160721003569e+02
-3.572624190684085761e+02
-3.617183956846627666e+02
-3.664643963110653431e+02
-3.560544239107305202e+02
-3.558474115413072809e+02
-3.507326508301438253e+02
-3.543703765583424570e+02
-3.507802375128498511e+02
-3.418117073999837316e+02
-3.560106731475889319e+02
-3.546060107380498039e+02
-3.567227458724996723e+02
-3.373173869372840272e+02
-3.537807970488197498e+02
-3.577203553901858299e+02
-3.574688636843688414e+02
-3.590489639237503070e+02
-3.471354102896037261e+02
-3.399396912920733484e+02
-3.543256602720625779e+02
-3.369594144289623614e+02
-3.525137044609254531e+02
-3.504647806616229673e+02
-3.581297305221787610e+02
-3.562602280171745406e+02
-3.583397622517644550e+02
-3.578601460719801253e+02
-3.506681396229523671e+02
-3.507247986553732630e+02
-3.528537307740595566e+02
-3.409999061232838358e+02
-3.560411042557059318e+02
-3.561385080234267662e+02
-3.581308092517026580e+02
-3.463575446561272884e+02
-3.561764009599363021e+02
-3.537467096417840935e+02
-3.645332088000091062e+02
-3.389199047635369766e+02
-3.544634530811921422e+02
-3.537226632329368385e+02
-3.481200642446456754e+02
-3.577821641305426965e+02
-3.535683044123516083e+02
-3.588890982269306846e+02
-3.437971007188621684e+02
-3.467064007669710008e+02
-3.544049374945592490e+02
-3.475424170448621908e+02
-3.580804088213034788e+02
-3.535895230689831124e+02
-3.571550365488366197e+02
-3.498572871898560379e+02
-3.549453651341256091e+02
-3.566244045508951785e+02
-3.570133290971023143e+02
-3.571040375129739459e+02
-3.579787069079133062e+02
-3.573328212738435923e+02
-3.474493132691492292e+02
-3.516707058548696523e+02
-3.495821513198193315e+02
-3.614696855603601193e+02
-3.519066333157525150e+02
-3.619659944500970141e+02
-3.488059087375401077e+02
-3.648426807770513278e+02
-3.571610016798355218e+02
-3.400325360755749102e+02
-3.559998423696146119e+02
-3.567515739018606382e+02
-3.576302650832580525e+02
-3.543155318002098966e+02
-3.508864156514315482e+02
-3.501994669829244913e+02
-3.576535149215986849e+02
-3.489229881465681729e+02
-3.591275698872542534e+02
-3.550042337261631360e+02
-3.639887240657421899e+02
-3.607885636313402529e+02
-3.514273563959308717e+02
-3.497670883906086488e+02
-3.530960015045121736e+02
-3.564880418072025350e+02
-3.560100773919496078e+02
-3.549730462879446122e+02
-3.607262081727446343e+02
-3.506781943198325848e+02
-3.542447601794208367e+02
-3.448576925230736379e+02
-3.527659348674869761e+02
-3.505936739573465957e+02
-3.488706110405146319e+02
-3.566057308078842425e+02
-3.465102109602370319e+02
-3.577931594808552518e+02
-3.599999433692121329e+02
-3.482507382937908460e+02
-3.623895454957913671e+02
-3.561889036558517319e+02
-3.578375285691122372e+02
-3.528086554873681280e+02
-3.558533282967943023e+02
-3.435870402394283474e+02
-3.569931873959264408e+02
-3.453787060766169361e+02
-3.426780758685954424e+02
-3.357242962713660290e+02
-3.305857826943502573e+02
-3.524171537574430886e+02
-3.502328597462168318e+02
-3.482762770783184578e+02
-3.549997006280694904e+02
-3.594455858149128744e+02
-3.387997429427330189e+02
-3.538496579797217692e+02
-3.500697503626242906e+02
-3.502223355092339148e+02
-3.542265000909426362e+02
-3.493933758987464557e+02
-3.485667813105185928e+02
-3.451792239630476047e+02
-3.542507862529329259e+02
-3.671595443631359785e+02
-3.582697351558090872e+02
-3.461102391585019404e+02
-3.519638118552248898e+02
-3.602336348109273558e+02
-3.554967426488493629e+02
-3.584193118773371793e+02
-3.475722322111428184e+02
-3.397032312425728264e+02
-3.384010723001858878e+02
-3.630219907238250698e+02
-3.550378456987458549e+02
-3.574822181000152455e+02
-3.566257238018520184e+02
-3.414900378729818158e+02
-3.425384289629773775e+02
-3.540684019499996680e+02
-3.547530290578530980e+02
-3.611493561256680778e+02
-3.417334407551855406e+02
-3.605031364078229217e+02
-3.442701132792562930e+02
-3.513300344136438298e+02
-3.661839383479918979e+02
-3.399769682028178295e+02
-3.524908602026873723e+02
-3.548923004529106038e+02
-3.574710526327910429e+02
-3.603974101658294558e+02
-3.589715832593013829e+02
-3.515203809302979039e+02
-3.504958034826051403e+02
-3.533841998682934786e+02
-3.570135590831800414e+02
-3.526060902145652562e+02
-3.653066517796054313e+02
-3.603680592941941541e+02
-3.503668267611479905e+02
-3.582668536630175140e+02
-3.465345187833952423e+02
-3.674297895051801675e+02
-3.572665449540656937e+02
-3.661729504021338357e+02
-3.478386446136985342e+02
-3.495529735381923047e+02
-3.502233491409768362e+02
-3.588386120588620543e+02
-3.530311869534687617e+02
-3.557648699215986881e+02
-3.522387835344653126e+02
-3.569691774624334357e+02
-3.547308535751371323e+02
-3.342322373123209331e+02
-3.576191052897617055e+02
-3.584739398194204227e+02
-3.492329254632963966e+02
-3.530255758990087998e+02
-3.486139292304504806e+02
-3.518342465827476531e+02
-3.496597049583309627e+02
-3.460602606929137437e+02
-3.535392669114634145e+02
-3.511367106037025678e+02
-3.432704252872824782e+02
-3.336261202843392653e+02
-3.546387543323464797e+02
-3.490591885304875177e+02
-3.520145321420490632e+02
-3.558738992587019538e+02
-3.568434542676486672e+02
-3.591261620038715137e+02
-3.738759239279484063e+02
-3.506681096364662835e+02
-3.585087772718254655e+02
-3.541034204618130161e+02
-3.561953100288258156e+02
-3.520501118469838957e+02
-3.608076202617950798e+02
-3.664584287955397031e+02
-3.466063676066028165e+02
-3.555132887528124570e+02
-3.499039868567089115e+02
-3.545359340728011830e+02
-3.490283304881426716e+02
-3.416852883669134258e+02
-3.475896758023825441e+02
-3.375811684381801001e+02
-3.479694447601253273e+02
-3.481713991539756989e+02
-3.496526504921808396e+02
-3.591743104744533071e+02
-3.546449579592787131e+02
-3.537735210929077994e+02
-3.516579338314109577e+02
-3.518192769398691553e+02
-3.401023699788971157e+02
-3.545663422448027404e+02
-3.612926769658441231e+02
-3.549075220848214371e+02
-3.522607767803764318e+02
-3.583714778907767595e+02
-3.613667121649896785e+02
-3.379892537610448926e+02
-3.466218945753822709e+02
-3.598403387893242780e+02
-3.529393841474382043e+02
-3.505483795387910959e+02
-3.561925025004047711e+02
-3.547626606129277889e+02
-3.361650872204412508e+02
-3.510061921533871327e+02
-3.522524922277819428e+02
-3.588092070383466989e+02
-3.547731156447161993e+02
-3.541987161341719457e+02
-3.495432894285507928e+02
-3.553211821278123352e+02
-3.598545678029619808e+02
-3.416816022344283397e+02
-3.499285883716351577e+02
-3.363153208657907953e+02
-3.578104404200325348e+02
-3.585712623706145905e+02
-3.520284391764831753e+02
-3.421901663338676371e+02
-3.562737357123469337e+02
-3.585632774757212928e+02
-3.588271237532745204e+02
-3.588548228625136289e+02
-3.615925243143096850e+02
-3.407049146181387300e+02
-3.560711553017949882e+02
-3.641222864367258580e+02
-3.531476308368418131e+02
-3.425380489872962926e+02
-3.550959559070718683e+02
-3.572285153398300395e+02
-3.547070346899719198e+02
-3.589451780914287156e+02
-3.494085397350867197e+02
-3.445490386177884261e+02
-3.485101532675403178e+02
-3.476630154274632787e+02
-3.540753852334553358e+02
-3.627837126215870853e+02
-3.542974113242584053e+02
-3.428299698650296250e+02
-3.442912600601999884e+02
-3.518976753099382222e+02
-3.540198933675339958e+02
-3.507296925106527397e+02
-3.538671126290550433e+02
-3.421751207899046676e+02
-3.314583164895714162e+02
-3.526280918953195282e+02
-3.431484173748800686e+02
-3.539470038233440619e+02
-3.646976265573688352e+02
-3.522193644057988422e+02
-3.612630909331178373e+02
-3.580016499428445513e+02
-3.521810602258112795e+02
-3.527491881235030178e+02
-3.483519023269911941e+02
-3.511161665102648612e+02
-3.575400396327006547e+02
-3.539533253073061019e+02
-3.520296722880381139e+02
-3.504396067303576956e+02
-3.404063804773636548e+02
-3.538129101311673708e+02
-3.528057332864587465e+02
-3.549725002574855353e+02
-3.522147863661652423e+02
-3.557782954491503915e+02
-3.462835079825178468e+02
-3.629327469645704127e+02
-3.506389257444662917e+02
-3.563212639135786617e+02
-3.530089700451234762e+02
-3.407152180443284237e+02
-3.455337245190264071e+02
-3.542282521431869782e+02
-3.513383934690078831e+02
-3.492525607688488662e+02
-3.640025964774222871e+02
-3.564575194123974029e+02
-3.605719069816728961e+02
-3.446899881867097974e+02
-3.557688523771121254e+02
-3.541727920526691378e+02
-3.503311189105332915e+02
-3.610196476362947351e+02
-3.578533284485868649e+02
-3.539121064997610802e+02
-3.520085044557574747e+02
-3.461668247930448388e+02
-3.458797562610839122e+02
-3.490553920140431501e+02
-3.563011766269427767e+02
-3.462599241881911780e+02
-3.546532893845081844e+02
-3.589421229504580992e+02
-3.594343697230124235e+02
-3.386847459818045536e+02
-3.655220609328535488e+02
-3.616953439722495887e+02
-3.505921622834200662e+02
-3.506565096551992156e+02
-3.565528279689660280e+02
-3.578086058255107673e+02
-3.640355465350460236e+02
-3.431399292040528053e+02
-3.613541772319468350e+02
-3.575742927562342857e+02
-3.511909869956632519e+02
-3.561197786177582429e+02
-3.511780731444360981e+02
-3.565348106824764045e+02
-3.445450150198125812e+02
-3.493448048775254620e+02
-3.541164897248465877e+02
-3.606939518147283366e+02
-3.524794758726249029e+02
-3.398850806194863026e+02
-3.644775756281262034e+02
-3.457813067435359926e+02
-3.478709833472597666e+02
-3.552557075967659443e+02
-3.496926836286388038e+02
-3.602795367609259642e+02
-3.337211326271891494e+02
-3.564855941937363468e+02
-3.583649438371953693e+02
-3.593511570483036621e+02
-3.618244714545637066e+02
-3.554965514935419151e+02
-3.496216354786466241e+02
-3.590319534880030687e+02
-3.593218098003796968e+02
-3.508763516693456950e+02
-3.464676803246902068e+02
-3.511778699957586696e+02
-3.470909700109280607e+02
-3.618893271711389161e+02
-3.438535891775331379e+02
-3.387169781542363580e+02
-3.531796369077077884e+02
-3.466538442364950470e+02
-3.544343393538968030e+02
-3.561640788120674870e+02
-3.596197531088594133e+02
-3.598285143596781950e+02
-3.493521804473268162e+02
-3.501386297381282589e+02
-3.343465852582555158e+02
-3.556382918125076458e+02
-3.632632081748446353e+02
-3.659103843156822222e+02
-3.520848030246024791e+02
-3.620959747860250673e+02
-3.568414645671421113e+02
-3.559752451811604033e+02
-3.466817168617856737e+02
-3.482733358713375651e+02
-3.445237547601061010e+02
-3.391727560850597456e+02
-3.584837722240023936e+02
-3.558454320082970526e+02
-3.566042444897916539e+02
-3.440688007218367375e+02
-3.542948456659329963e+02
-3.371160381663420367e+02
-3.535654931162657704e+02
-3.595015455739276717e+02
-3.357585663964190985e+02
-3.620324810197403735e+02
-3.545583967391552278e+02
-3.651982658451566977e+02
-3.533914380082015896e+02
-3.581887063170930787e+02
-3.495960062351632018e+02
-3.439191301703558565e+02
-3.591998453782663319e+02
-3.609362627586619965e+02
-3.522684278468270236e+02
-3.371253018922825504e+02
-3.632580519665082193e+02
-3.559958605286698230e+02
-3.570574874524576217e+02
-3.624963055985427900e+02
-3.571484481215416054e+02
-3.461758083153996495e+02
-3.567926788456420013e+02
-3.607758805216614064e+02
-3.576244726561317862e+02
-3.544807979371508964e+02
-3.425541203213490462e+02
-3.494462744674159467e+02
-3.480242641407993460e+02
-3.610701773202648610e+02
-3.620688270062158267e+02
-3.606734966326902168e+02
-3.563048062605632822e+02
-3.564570004420131681e+02
-3.591434336122730997e+02
-3.517348098196418391e+02
-3.605312191752754529e+02
-3.512291026443034525e+02
-3.507924049559833861e+02
-3.502122351697481690e+02
-3.278558445318635108e+02
-3.597496290245148884e+02
-3.610765851784337883e+02
-3.513181341863295870e+02
-3.618000202368825740e+02
-3.535466057491631204e+02
-3.526482774988298274e+02
-3.485962941923856420e+02
-3.525839361704236694e+02
-3.366574266227138423e+02
-3.395270919717378320e+02
-3.490895596786768920e+02
-3.648983293616761330e+02
-3.518114078322304294e+02
-3.549480223531166985e+02
-3.451826547781431032e+02
-3.635490653646637611e+02
-3.539260790408775392e+02
-3.624408422232672251e+02
-3.558360837795862608e+02
-3.645781225451564751e+02
-3.447863171856506597e+02
-3.528902660989028277e+02
-3.496661115525970445e+02
-3.534269381432980026e+02
-3.478158118440228463e+02
-3.426345934285154726e+02
-3.525859041027418357e+02
-3.441965917437310623e+02
-3.467030093367235963e+02
-3.568629012806280798e+02
-3.555997835541880363e+02
-3.502678767096392676e+02
-3.569109354045939995e+02
-3.539268848385690944e+02
-3.516974476085651418e+02
-3.485900165020956365e+02
-3.450941314596846041e+02
-3.586616239890047382e+02
-3.527206944512306563e+02
-3.474123709399650579e+02
