Model: lognorm
Real logL: -256.1011251210008
Mean sim logL: -351.7317233891957
Std sim logL: 5.411186689829551
Delta TS: 95.63059826819489
Significance: 17.672758999044476 sigma
TS_sim array:
-3.519696963100124663e+02
-3.512686609282752670e+02
-3.499151340234880081e+02
-3.619713897366589208e+02
-3.531733026525360515e+02
-3.445764899079267138e+02
-3.554711189597727525e+02
-3.495772663579394361e+02
-3.562415406327055507e+02
-3.581620312002729634e+02
-3.534427073623750744e+02
-3.492359255150639683e+02
-3.545195491911526346e+02
-3.516932132205209882e+02
-3.508982771111909642e+02
-3.412964338231737997e+02
-3.512924096339258995e+02
-3.583188768543548690e+02
-3.458244564446774234e+02
-3.513948399400468361e+02
-3.593154408428946454e+02
-3.546489402014515804e+02
-3.598993713923251789e+02
-3.532313108684873555e+02
-3.515854437518139548e+02
-3.554782281572842066e+02
-3.524468046584668173e+02
-3.527411119226945857e+02
-3.466077704297131277e+02
-3.498627606868656130e+02
-3.388959827216895064e+02
-3.486635053852735382e+02
-3.568225028947058490e+02
-3.476922975260245607e+02
-3.478607259036954247e+02
-3.493966648176703416e+02
-3.562758284954743999e+02
-3.579279627750937607e+02
-3.560454194275403097e+02
-3.532540190605372459e+02
-3.473526281262213047e+02
-3.507387343037167966e+02
-3.498998501484079497e+02
-3.597451927986278406e+02
-3.533754310523049753e+02
-3.486952593722343750e+02
-3.468159923632647406e+02
-3.486669013603304847e+02
-3.560374436972468857e+02
-3.456489641173862992e+02
-3.505826535069091960e+02
-3.528470386568640720e+02
-3.532584751116066855e+02
-3.528264958881249527e+02
-3.523540605690924394e+02
-3.565341180681319884e+02
-3.560628772329171170e+02
-3.448574849895348962e+02
-3.551640741213327601e+02
-3.565293418571652069e+02
-3.539062506825005130e+02
-3.493329984283917611e+02
-3.564037913110723252e+02
-3.472215885955082513e+02
-3.584506017090538990e+02
-3.537269913176272667e+02
-3.469248063930091917e+02
-3.527882238011710001e+02
-3.525775840651946282e+02
-3.613469882261130124e+02
-3.522978986963479429e+02
-3.532163898494900423e+02
-3.449294713400131513e+02
-3.548814251265627036e+02
-3.497376323223460304e+02
-3.463022202650065537e+02
-3.495859414401701883e+02
-3.573223295629803715e+02
-3.606776658572492806e+02
-3.464285087819377509e+02
-3.416920756938970953e+02
-3.464621251564460636e+02
-3.482118057585154816e+02
-3.620498639752528334e+02
-3.568954890060807088e+02
-3.573019311200612833e+02
-3.532550314521276391e+02
-3.468055694120339467e+02
-3.413894723166724816e+02
-3.469030364545542398e+02
-3.493916749761460778e+02
-3.574123323666117358e+02
-3.527014241774747916e+02
-3.501046315769701778e+02
-3.632822819778191956e+02
-3.540986944094611886e+02
-3.401388892854201913e+02
-3.455144047947410400e+02
-3.621527138810600377e+02
-3.537093082536480324e+02
-3.480945728856309529e+02
-3.563932452103638298e+02
-3.494779766656313313e+02
-3.470029072842962137e+02
-3.447074708373221483e+02
-3.552595453267443304e+02
-3.489512280988876114e+02
-3.537067771064012049e+02
-3.623776181933922089e+02
-3.555010660759683105e+02
-3.469054111485626777e+02
-3.546939487597929315e+02
-3.475382449311266555e+02
-3.542431200629578143e+02
-3.511103192158772117e+02
-3.454886133245739757e+02
-3.666544246933186741e+02
-3.553899787449699375e+02
-3.421311421857953974e+02
-3.459031900435526268e+02
-3.629071086922816107e+02
-3.448793218728153533e+02
-3.514902208752871502e+02
-3.515844422665361435e+02
-3.577444233340775099e+02
-3.545826707082745770e+02
-3.563200119228074527e+02
-3.460626029727259265e+02
-3.552886941303731874e+02
-3.419982428943541777e+02
-3.525791495692340050e+02
-3.506631024166405268e+02
-3.621440601823724705e+02
-3.625034488557153054e+02
-3.542238223630895391e+02
-3.509561471847190433e+02
-3.505661260069379068e+02
-3.559307825406509096e+02
-3.575740886113796932e+02
-3.514799462652940178e+02
-3.556866679801797773e+02
-3.549772118769216149e+02
-3.536488026085858110e+02
-3.494658724382447303e+02
-3.500509146398316034e+02
-3.529887385001377424e+02
-3.481873193942658418e+02
-3.475497685800406202e+02
-3.454267356921674264e+02
-3.584932068857718832e+02
-3.561524703166307972e+02
-3.569527188082807925e+02
-3.526775418739089218e+02
-3.483097159478480762e+02
-3.466344253909904296e+02
-3.511615263387952268e+02
-3.480222807638687073e+02
-3.580045270595132934e+02
-3.547289574225032993e+02
-3.455831291140522126e+02
-3.496975582336420985e+02
-3.514610191704855424e+02
-3.437590183996327369e+02
-3.543746509627519572e+02
-3.610763486155975102e+02
-3.558350726451147352e+02
-3.489154115408534835e+02
-3.546990381500197600e+02
-3.555968596229188279e+02
-3.567086603764437882e+02
-3.500829422162458400e+02
-3.426885002381735603e+02
-3.541070649003023050e+02
-3.526226889006619558e+02
-3.582808682288427917e+02
-3.427664248616999885e+02
-3.428235935615205676e+02
-3.499420230198786612e+02
-3.491843583093411780e+02
-3.520171714042303392e+02
-3.519526822236081216e+02
-3.589004142057244167e+02
-3.435860637740194647e+02
-3.573262804601466769e+02
-3.449195677160442415e+02
-3.450862019108760137e+02
-3.468827431156424268e+02
-3.490647003577150826e+02
-3.496045494412321659e+02
-3.494111245507551189e+02
-3.471999214048291833e+02
-3.569863515680260662e+02
-3.501934357044326021e+02
-3.552832993610638823e+02
-3.469893537434252835e+02
-3.481539057267126509e+02
-3.467343701059236309e+02
-3.506452729039169753e+02
-3.534061746742283390e+02
-3.528029863385600038e+02
-3.492841804383492672e+02
-3.546661025451674050e+02
-3.538718502670943735e+02
-3.448338777985082402e+02
-3.506798785259024385e+02
-3.312316417349748576e+02
-3.594102160163383815e+02
-3.434741998982560744e+02
-3.430836636999029565e+02
-3.560919263390871947e+02
-3.454040757343791483e+02
-3.415625261599558939e+02
-3.539735856755397094e+02
-3.505290441931002761e+02
-3.606317231630945344e+02
-3.603398082236841447e+02
-3.588835484840155914e+02
-3.537638064083337213e+02
-3.446215044383433792e+02
-3.469200146270731011e+02
-3.480670171734983569e+02
-3.500902184316735202e+02
-3.471891705128070953e+02
-3.594439016780832503e+02
-3.525484635402233380e+02
-3.543380950887202516e+02
-3.437716699984699744e+02
-3.542042588162842094e+02
-3.518219532868961323e+02
-3.532050417537028579e+02
-3.530271553008595902e+02
-3.432661534157261372e+02
-3.464413527219571165e+02
-3.551164132976595056e+02
-3.507903600235825934e+02
-3.489369348007959957e+02
-3.431308901587989340e+02
-3.512609321805399532e+02
-3.400418997027347814e+02
-3.596569223073784087e+02
-3.497548643733908307e+02
-3.489669009207543127e+02
-3.489905994018765796e+02
-3.568978494305384856e+02
-3.547158696324257789e+02
-3.539087863341839011e+02
-3.522086070719258259e+02
-3.530968629127125951e+02
-3.449731183546587090e+02
-3.536414711063235927e+02
-3.559422006512206735e+02
-3.554591539321895652e+02
-3.556778687265731378e+02
-3.606421681924790050e+02
-3.441205924699158913e+02
-3.501427580758031581e+02
-3.533665457121004465e+02
-3.482481063536328065e+02
-3.470835616370685557e+02
-3.599978160483852321e+02
-3.508679341475019555e+02
-3.495043677911604050e+02
-3.539918053334640717e+02
-3.485452784755069047e+02
-3.480436961402922407e+02
-3.568796928586812669e+02
-3.517579249657521245e+02
-3.525164988930530399e+02
-3.554166213193705062e+02
-3.432085399849948431e+02
-3.668480633273553622e+02
-3.425020122894769656e+02
-3.612504956264826887e+02
-3.518108305557950644e+02
-3.465039625448815741e+02
-3.492577631970945049e+02
-3.517543023160352504e+02
-3.554938320258798399e+02
-3.480427763905972824e+02
-3.478614536282941003e+02
-3.453490063996242725e+02
-3.468883554251735859e+02
-3.590466989737828385e+02
-3.500021616293881266e+02
-3.402059017083063281e+02
-3.617566044110590155e+02
-3.480679889074089033e+02
-3.600699074633756140e+02
-3.548557888179286692e+02
-3.555925234157496675e+02
-3.464803340547099992e+02
-3.486056479363551830e+02
-3.494783458919204122e+02
-3.483466284389653538e+02
-3.525529396176904129e+02
-3.571243208537148348e+02
-3.617690421359556581e+02
-3.450689594704749652e+02
-3.536336323080403758e+02
-3.444796306765990153e+02
-3.622719083018289439e+02
-3.482300380304091618e+02
-3.540407072319423492e+02
-3.550899840298621939e+02
-3.561840656982760720e+02
-3.417651132038554920e+02
-3.508683112460821576e+02
-3.500017197568641336e+02
-3.506716905010173377e+02
-3.492622187231238513e+02
-3.550804617173472479e+02
-3.615693685502911876e+02
-3.530527983134367673e+02
-3.434084681767396319e+02
-3.552108268420066679e+02
-3.546642685427169681e+02
-3.537458901847162451e+02
-3.502336122479260894e+02
-3.463675076478211849e+02
-3.475977278428129011e+02
-3.523958893878779008e+02
-3.484762210837384373e+02
-3.558725695237636160e+02
-3.519787769166214275e+02
-3.609994760667850642e+02
-3.518094109371922968e+02
-3.509328223372621096e+02
-3.589915931126184887e+02
-3.527167013511168534e+02
-3.478556312519344829e+02
-3.586601646687131506e+02
-3.460464201993968345e+02
-3.447501980072244123e+02
-3.683370509937384440e+02
-3.623468719466453081e+02
-3.532757658463725647e+02
-3.523161560422487355e+02
-3.595520305634764782e+02
-3.521048722292632078e+02
-3.481634218566332493e+02
-3.550265623654079263e+02
-3.505835964901282296e+02
-3.427045394937547940e+02
-3.494697714318547810e+02
-3.556846526314121775e+02
-3.548624557711134457e+02
-3.473673300794577017e+02
-3.492884675219394239e+02
-3.511133602736922512e+02
-3.559889857591388136e+02
-3.487121483429023669e+02
-3.498271393108621510e+02
-3.491730936720223326e+02
-3.492620452542448675e+02
-3.514599524836423825e+02
-3.574550886122466409e+02
-3.513021687590078272e+02
-3.444629581311236279e+02
-3.617355912913862994e+02
-3.504807849139133964e+02
-3.487634127932144565e+02
-3.491029886997329186e+02
-3.446801480071659398e+02
-3.418333141199373131e+02
-3.482284939021488981e+02
-3.537339645958791721e+02
-3.589518269875445071e+02
-3.664302717405374210e+02
-3.557927087711674403e+02
-3.547229917114913178e+02
-3.613236662027869102e+02
-3.539090635896284311e+02
-3.471449941566285702e+02
-3.534446624700290158e+02
-3.465981799362947982e+02
-3.559814222704742406e+02
-3.636659653732353945e+02
-3.653396766779497966e+02
-3.475621670055251116e+02
-3.472631645070136415e+02
-3.510272568186140347e+02
-3.521489312607156990e+02
-3.509077521276409470e+02
-3.441628793682299943e+02
-3.618496808521714456e+02
-3.480520940907466638e+02
-3.515971931044523444e+02
-3.465372406817182878e+02
-3.502870714766452807e+02
-3.585002101669516605e+02
-3.538731054822420674e+02
-3.539875805548063568e+02
-3.510839273912280305e+02
-3.529243123276310143e+02
-3.435351385202766323e+02
-3.408925320546224498e+02
-3.516039088804976700e+02
-3.506722888787024885e+02
-3.538360374104582888e+02
-3.567371688857652430e+02
-3.493059032233134076e+02
-3.394581452380635938e+02
-3.618433591058733896e+02
-3.606097953286925986e+02
-3.588830905402962799e+02
-3.467654217841632089e+02
-3.554273522212238845e+02
-3.504571369364092561e+02
-3.582708451479257974e+02
-3.484621665756694142e+02
-3.465893786802367913e+02
-3.533653057912590612e+02
-3.579393046157383083e+02
-3.616478769578101264e+02
-3.503410413707544535e+02
-3.549365509295620882e+02
-3.501760970077350521e+02
-3.477600694382223310e+02
-3.472942132384486058e+02
-3.554599373725710620e+02
-3.578696779641907142e+02
-3.550425384587564963e+02
-3.463112324689634534e+02
-3.546429799892298433e+02
-3.568042873213800590e+02
-3.494957104315782317e+02
-3.458910653381693692e+02
-3.473213339529606856e+02
-3.461156179997848881e+02
-3.587426660117315578e+02
-3.534881927758707434e+02
-3.468443502850821574e+02
-3.531670349090854870e+02
-3.493338925659021470e+02
-3.529149698522335257e+02
-3.497392074992112612e+02
-3.520037869261416290e+02
-3.490804560549612461e+02
-3.628414874103542047e+02
-3.430024041513121347e+02
-3.463635319625050215e+02
-3.419190231178853878e+02
-3.492706977072271002e+02
-3.504623484720632973e+02
-3.461687215929252943e+02
-3.458127592710771410e+02
-3.570971913323186868e+02
-3.588873606140283528e+02
-3.507317158139518938e+02
-3.482279323542746852e+02
-3.519630582768975273e+02
-3.570859316520034668e+02
-3.471643097155227906e+02
-3.506818507530111901e+02
-3.557734524695405298e+02
-3.571849986902851128e+02
-3.508325870683746643e+02
-3.561937583518824795e+02
-3.518487925147018132e+02
-3.534365909435673530e+02
-3.539549554080796270e+02
-3.496806749922379822e+02
-3.564114811169196173e+02
-3.493564054090313675e+02
-3.497822592499422854e+02
-3.489173874921426659e+02
-3.497717793463366434e+02
-3.621566914535895876e+02
-3.528008421847459317e+02
-3.454124659173025975e+02
-3.508131548504132411e+02
-3.487991626970638208e+02
-3.542418242854269010e+02
-3.456042886531490126e+02
-3.509422072769045258e+02
-3.610310231431823809e+02
-3.582738096350321371e+02
-3.546702742285637555e+02
-3.501772671328289448e+02
-3.623189995076908758e+02
-3.525623477011401974e+02
-3.523161074467925573e+02
-3.430264183681144914e+02
-3.491449865265045673e+02
-3.458783495349324539e+02
-3.521217164721519453e+02
-3.499545339885025896e+02
-3.521249528020813955e+02
-3.503496871590728006e+02
-3.551568330808006522e+02
-3.496889825246943246e+02
-3.531009776086137322e+02
-3.546568530778671402e+02
-3.516757067469978892e+02
-3.468370413408194395e+02
-3.426932486837921488e+02
-3.525567287914037706e+02
-3.578243564796038072e+02
-3.505592586143780522e+02
-3.581295071946924509e+02
-3.452853929943864841e+02
-3.511291284431807753e+02
-3.576553387304296052e+02
-3.555198506241820837e+02
-3.514914979841241802e+02
-3.604115347271841756e+02
-3.542661706661718881e+02
-3.444912090417010972e+02
-3.464729338103088594e+02
-3.525752270577955869e+02
-3.452974856089950890e+02
-3.544462024280410333e+02
-3.482602312390250745e+02
-3.470004481557458575e+02
-3.529877110635590611e+02
-3.510864391206566779e+02
-3.417914311360823945e+02
-3.583456628909666506e+02
-3.629659270835406915e+02
-3.571031041423061652e+02
-3.519294956070834814e+02
-3.487798742643694823e+02
-3.469111973972687792e+02
-3.469591690416796155e+02
-3.642962032209811696e+02
-3.530301698202493412e+02
-3.566544256120046157e+02
-3.524572031774029028e+02
-3.453674371252658375e+02
-3.542637004502668105e+02
-3.544394574372120132e+02
-3.505451436896642008e+02
-3.493283462711432321e+02
-3.404777477707582420e+02
-3.504530710719719195e+02
-3.509152614686147444e+02
-3.608574410685480416e+02
-3.561207221251776218e+02
-3.516438961369571530e+02
-3.503025688922308518e+02
-3.500108200992683578e+02
-3.555125352342951146e+02
-3.492063892051572225e+02
-3.570213305710037730e+02
-3.461454057362176400e+02
-3.548601085298751059e+02
-3.510140441791659782e+02
-3.522998799498375320e+02
-3.467790706436073265e+02
-3.459681807880431279e+02
-3.693759402660114119e+02
-3.451122018865597738e+02
-3.503321742949997315e+02
-3.572612584309853219e+02
-3.538518542417278923e+02
-3.519653645664827764e+02
-3.494670120522660000e+02
-3.485405673001195055e+02
-3.434677504270719055e+02
-3.542741825484575884e+02
-3.514049912431096345e+02
-3.428791881485757926e+02
-3.504972284668061775e+02
-3.515545448203372985e+02
-3.392030857611439956e+02
-3.452467333451430704e+02
-3.521258822086518876e+02
-3.558857195613147724e+02
-3.497717917863232060e+02
-3.496684921544987219e+02
-3.542465914059837360e+02
-3.645201144086253180e+02
-3.590807454913814354e+02
-3.439536753488026193e+02
-3.469829956059810456e+02
-3.417593470292049460e+02
-3.486303170805550735e+02
-3.531656871760167746e+02
-3.505919685180393799e+02
-3.442936693017583138e+02
-3.468350388513345592e+02
-3.617706508314046800e+02
-3.380784284628247178e+02
-3.647862490082316071e+02
-3.495490890177511574e+02
-3.635439628546751578e+02
-3.523558138548368106e+02
-3.557251911327984999e+02
-3.479401673387998812e+02
-3.599227676575696933e+02
-3.540435270232532616e+02
-3.424521898829789279e+02
-3.565014987190384090e+02
-3.545129256290011881e+02
-3.442337813846131667e+02
-3.507410548711260390e+02
-3.563182512806218938e+02
-3.529642690385352353e+02
-3.564215243039648726e+02
-3.387763110595270746e+02
-3.478619571027948041e+02
-3.593309074363087348e+02
-3.493698324520593133e+02
-3.492005881193385903e+02
-3.530458852333466666e+02
-3.575659854860103906e+02
-3.576983900381029002e+02
-3.536400650884565948e+02
-3.434230397827834054e+02
-3.553365707717604209e+02
-3.482749544015806578e+02
-3.484820468485495439e+02
-3.523664464247625574e+02
-3.489026308255808999e+02
-3.617298307351483118e+02
-3.499827697135572748e+02
-3.543673167682247822e+02
-3.558903325927225296e+02
-3.544726903936883673e+02
-3.475655442092313478e+02
-3.542609174537143417e+02
-3.538237386679022620e+02
-3.443567927964140836e+02
-3.484632223872687860e+02
-3.443459472796390060e+02
-3.634313968059255444e+02
-3.580404375533354369e+02
-3.474964874522245282e+02
-3.587142068857330628e+02
-3.492782205520293815e+02
-3.532592164550763982e+02
-3.568208244899231545e+02
-3.496005784652161310e+02
-3.546862419545994385e+02
-3.554672344367090204e+02
-3.578402381234184304e+02
-3.488357767424222402e+02
-3.544228271530894290e+02
-3.529714445264256142e+02
-3.525700938828341009e+02
-3.504575877229614207e+02
-3.506990614487891662e+02
-3.493146007413300822e+02
-3.545871709719599494e+02
-3.472739913426519252e+02
-3.626629184927726328e+02
-3.497031433425293017e+02
-3.443485294768838685e+02
-3.540684961449395587e+02
-3.668028179708140897e+02
-3.623124152045722894e+02
-3.476575769457110709e+02
-3.520972422998494835e+02
-3.540991124583406418e+02
-3.511378271302493204e+02
-3.512762315569917178e+02
-3.420388579943286231e+02
-3.535166623332743256e+02
-3.564318326090261735e+02
-3.523531474074202947e+02
-3.574071827122496074e+02
-3.543448564333974105e+02
-3.440284786133818216e+02
-3.581197448848991485e+02
-3.494143815028501194e+02
-3.485721782459627320e+02
-3.493869099823530178e+02
-3.579756796786360269e+02
-3.483105257742893173e+02
-3.596282904009898402e+02
-3.468539703689589260e+02
-3.542185838733770424e+02
-3.544473925758393875e+02
-3.546858534607197271e+02
-3.550010678648636713e+02
-3.516826388211843550e+02
-3.509757027879356883e+02
-3.484914340869311218e+02
-3.568387722551694878e+02
-3.459056312924510053e+02
-3.522225111488174889e+02
-3.480854527529646134e+02
-3.466456982295218268e+02
-3.495287275291967148e+02
-3.526891067997344180e+02
-3.536034815295372482e+02
-3.432007974595433097e+02
-3.591238058796172936e+02
-3.504750233031672337e+02
-3.409275648207495806e+02
-3.484944484366177448e+02
-3.441675972465559425e+02
-3.484891005371160304e+02
-3.509921491253435306e+02
-3.486211739228973556e+02
-3.460001061790617314e+02
-3.503078130969723247e+02
-3.542716620352715609e+02
-3.594410063884000124e+02
-3.548579040949138061e+02
-3.572456658253420869e+02
-3.451562052209093281e+02
-3.525841137531515415e+02
-3.532184027960092862e+02
-3.540421634463134524e+02
-3.521937839119204909e+02
-3.550371009196248906e+02
-3.482400615134117174e+02
-3.433206949502026646e+02
-3.514337500921337778e+02
-3.502239857704205406e+02
-3.438790593383799887e+02
-3.549524939260087422e+02
-3.514544177445012565e+02
-3.582417933856587524e+02
-3.515798569116550425e+02
-3.548435296861496226e+02
-3.449442522864362104e+02
-3.428712215119387565e+02
-3.551772217790429522e+02
-3.525368668819115214e+02
-3.514320008102021120e+02
-3.529628053838712276e+02
-3.469275599758518638e+02
-3.432239705348269467e+02
-3.523204324481968115e+02
-3.541326381388275308e+02
-3.551301475358474136e+02
-3.498463689533404022e+02
-3.485641556928503633e+02
-3.599465249765981980e+02
-3.433325488607387683e+02
-3.466341822247994742e+02
-3.594982323892551790e+02
-3.439228085588437693e+02
-3.479567037966072007e+02
-3.526322708491705953e+02
-3.493997871905484089e+02
-3.488176890595950681e+02
-3.496301205935274083e+02
-3.508286123011325230e+02
-3.495941229760254600e+02
-3.430600561691679786e+02
-3.515369213130779826e+02
-3.503248418994306803e+02
-3.613458599076981272e+02
-3.559655096843069373e+02
-3.514865330620560826e+02
-3.627423759939239289e+02
-3.476285104110085058e+02
-3.534660877384204696e+02
-3.554600847883846200e+02
-3.500693688489125748e+02
-3.499548387040118769e+02
-3.500524183851034650e+02
-3.588176504447397974e+02
-3.595667408272105376e+02
-3.522259015116610499e+02
-3.580482382201006430e+02
-3.428463743219487583e+02
-3.421512300544449658e+02
-3.481083043897812672e+02
-3.495958809434019940e+02
-3.562987421422503189e+02
-3.584921356802900050e+02
-3.543748373121454733e+02
-3.472252516323460441e+02
-3.583499049999089721e+02
-3.525917129623701385e+02
-3.552903819789048043e+02
-3.530774446005223126e+02
-3.498475596425703316e+02
-3.491201700031622863e+02
-3.510313521454992269e+02
-3.564410427497472256e+02
-3.528128317376178984e+02
-3.346829932980614331e+02
-3.522455010403286906e+02
-3.659499621258647721e+02
-3.551207253757656872e+02
-3.419758385826607991e+02
-3.476205495524353069e+02
-3.599128555643297886e+02
-3.519990370576086320e+02
-3.560798210566668445e+02
-3.464032010043985110e+02
-3.546287086591568141e+02
-3.575982698806051872e+02
-3.457385753260768979e+02
-3.447872283046883695e+02
-3.520366130823717867e+02
-3.475636850065217232e+02
-3.546539259682351144e+02
-3.531232249913550731e+02
-3.442590707656533482e+02
-3.531216665651640483e+02
-3.538144484939035124e+02
-3.550457967798739674e+02
-3.523917099959256802e+02
-3.497326835919989207e+02
-3.690861086395810844e+02
-3.402400344829981691e+02
-3.492312067233609127e+02
-3.490627993166468173e+02
-3.528988298811251525e+02
-3.468736275082009115e+02
-3.480878433387146060e+02
-3.523735193628243678e+02
-3.545111069995260209e+02
-3.537548176911236624e+02
-3.512967272119331028e+02
-3.464424708160516957e+02
-3.446265704379619592e+02
-3.449470905775873462e+02
-3.489541360401353245e+02
-3.456903396871653058e+02
-3.495349755657505284e+02
-3.577992994871009387e+02
-3.415390114175936560e+02
-3.443667062558184853e+02
-3.505050405633792820e+02
-3.521777604700935171e+02
-3.549253874287217627e+02
-3.546672717314475562e+02
-3.525959053181697982e+02
-3.453628009466940512e+02
-3.581867358369869407e+02
-3.518495239089019151e+02
-3.523693162696974923e+02
-3.451940085842308577e+02
-3.622083258462835715e+02
-3.512827285394009778e+02
-3.539677604648189799e+02
-3.576760062026071409e+02
-3.572860215519042413e+02
-3.498835264119231852e+02
-3.416536729244542130e+02
-3.558308585884075228e+02
-3.603471631607926611e+02
-3.586223719507544274e+02
-3.627896309598221478e+02
-3.484414408277108350e+02
-3.485817008870299105e+02
-3.504807351219199063e+02
-3.500742527432803399e+02
-3.474028507753184840e+02
-3.458037813667933733e+02
-3.583434776725788424e+02
-3.608163317021770808e+02
-3.519348519508363893e+02
-3.456568941183161314e+02
-3.478457822835930529e+02
-3.478073807129317174e+02
-3.533404537882723844e+02
-3.443862181151260984e+02
-3.477298812044727470e+02
-3.517792981233408227e+02
-3.450976916657904781e+02
-3.483938345149134079e+02
-3.491741888878273699e+02
-3.489882447428547039e+02
-3.528643775885881837e+02
-3.412756458181734160e+02
-3.436759191880553885e+02
-3.573021469153400176e+02
-3.510523642284812240e+02
-3.458750516950941574e+02
-3.485239413198582952e+02
-3.590179318898033216e+02
-3.537311512478104305e+02
-3.542592820909417242e+02
-3.487632805459715541e+02
-3.523957019562467394e+02
-3.429165495706276943e+02
-3.513772715041570223e+02
-3.525210377367494630e+02
-3.504484830379584537e+02
-3.558331663697404679e+02
-3.430288848375608950e+02
-3.433574117345028753e+02
-3.543572745546747456e+02
-3.532413865857216138e+02
-3.487008490867112869e+02
-3.568455967313641395e+02
-3.562986173521085220e+02
-3.470341725673788460e+02
-3.513186699944368456e+02
-3.528986887800828072e+02
-3.496149827901987237e+02
-3.536411205200005270e+02
-3.616789596721200724e+02
-3.605741768674973287e+02
-3.575797672422240794e+02
-3.604825786160536154e+02
-3.585715266581709102e+02
-3.525528299886560717e+02
-3.491248899770919820e+02
-3.547535882647014205e+02
-3.525213242145234176e+02
-3.552450222970994673e+02
-3.454875107282209115e+02
-3.361080306752021443e+02
-3.519417749376558504e+02
-3.498701748401791747e+02
-3.528225481973811952e+02
-3.505813600102018199e+02
-3.561074469652339758e+02
-3.491475363325562284e+02
-3.440982627691208791e+02
-3.509285149632140701e+02
-3.536674166588500157e+02
-3.567670109058734624e+02
-3.601401346112396027e+02
-3.436519473541758316e+02
-3.509779516199030240e+02
-3.585007534255657333e+02
-3.448163144552204358e+02
-3.531189355219851791e+02
-3.576640765772366422e+02
-3.420856542179076314e+02
-3.611236562688889080e+02
-3.548506496441856370e+02
-3.485252952144757614e+02
-3.459705277390792730e+02
-3.514829819703436442e+02
-3.520267092766092674e+02
-3.623812151134783335e+02
-3.507763145356519772e+02
-3.587654448629055537e+02
-3.461456620143923146e+02
-3.581609608102795619e+02
-3.558840553402224600e+02
-3.494566400289130570e+02
-3.564872447107319431e+02
-3.537338052715858225e+02
-3.481307858298135898e+02
-3.610971058457201934e+02
-3.449881072663415580e+02
-3.421444862322649669e+02
-3.568122482529968238e+02
-3.486694153710534465e+02
-3.587417549214974315e+02
-3.520117330841865737e+02
-3.480738048439926047e+02
-3.531418977174831753e+02
-3.597025894709350382e+02
-3.531900348804613827e+02
-3.566880581121241676e+02
-3.545340494563634479e+02
-3.449739984768074237e+02
-3.557779923098147492e+02
-3.547672507971119558e+02
-3.519736437378159621e+02
-3.480138877343520107e+02
-3.571723374276812137e+02
-3.530865191056170715e+02
-3.614444054457389370e+02
-3.419884750448937893e+02
-3.396084618187411479e+02
-3.561476022603341676e+02
-3.399098762241274585e+02
-3.477634138281134710e+02
-3.592393068515389700e+02
-3.543815075976363573e+02
-3.509691356043755377e+02
-3.501289948747680683e+02
-3.592511957831005134e+02
-3.502203342668420873e+02
-3.533036958760433208e+02
-3.517598432710361180e+02
-3.465265173793775944e+02
-3.510278689549558067e+02
-3.544769187351603250e+02
-3.495989388523827301e+02
-3.503385931071471191e+02
-3.498771005695440408e+02
-3.523557287266288540e+02
-3.524567488901748789e+02
-3.416018321154442674e+02
-3.604413133018093731e+02
-3.487802210913863519e+02
-3.568819621612096853e+02
-3.420567413899419762e+02
-3.507907615589659827e+02
-3.516486417150750867e+02
-3.462629597184031240e+02
-3.508254158431153655e+02
-3.516976476862690788e+02
-3.539750124637745330e+02
-3.472705320799215087e+02
-3.550616096006130533e+02
-3.499366913662871070e+02
-3.509850493303928261e+02
-3.519424749742050835e+02
-3.512965235935374722e+02
-3.548875742400222180e+02
-3.477172267380498738e+02
-3.562589660894099666e+02
-3.558506521693170157e+02
-3.462592591217750169e+02
