Model: alpha
Real logL: -393.4278711416483
Mean sim logL: -285.7381711738045
Std sim logL: 16.943432769189915
Delta TS: -107.68969996784381
Significance: -6.355837180979505 sigma
TS_sim array:
-2.831519333376069767e+02
-3.019707049740919729e+02
-2.690681946408232648e+02
-3.140029087834377037e+02
-3.008356176474033532e+02
-2.636071367040143514e+02
-2.885201233273511434e+02
-3.030403104586279142e+02
-3.073533488646950218e+02
-2.748796594253813055e+02
-2.861258574994096193e+02
-2.589215013879742173e+02
-3.040674533651632601e+02
-2.940035932103976393e+02
-2.562966177856886816e+02
-2.868138035239776968e+02
-2.909236098266185309e+02
-2.595873958175207008e+02
-2.789314364100371222e+02
-2.721307730117189863e+02
-2.830704120585493797e+02
-3.172541541007363435e+02
-2.969673475770307505e+02
-2.584251780621108310e+02
-2.456153343947520966e+02
-2.836558788929418711e+02
-2.969290638040752128e+02
-3.003139131122107983e+02
-2.882020963865100498e+02
-2.833973399539349884e+02
-2.784214010170009601e+02
-2.756372850850110012e+02
-2.768781979924699499e+02
-2.688954789402221195e+02
-3.152427595348182194e+02
-3.023936353666513241e+02
-2.752096013838158797e+02
-3.125674484166080447e+02
-2.681408398982817971e+02
-2.837333274462189934e+02
-2.705773307472248348e+02
-2.957020512399584504e+02
-2.949021661132397298e+02
-2.584825421262315785e+02
-3.021688360559737703e+02
-2.724601291290268250e+02
-2.760852772962269341e+02
-3.120282962591931550e+02
-2.913579860316340273e+02
-2.993150953572285289e+02
-2.853873895044797564e+02
-2.967203794439154194e+02
-2.817224814911944577e+02
-3.043406795904869568e+02
-3.095412264880047246e+02
-3.034997923038303043e+02
-3.099944089063726551e+02
-2.613505866018265351e+02
-2.856962759077428586e+02
-2.885876804961393418e+02
-2.889674705242798609e+02
-3.068048513781902784e+02
-2.681089953822486791e+02
-2.738538813114485606e+02
-2.667662937566007599e+02
-2.961250513205001198e+02
-2.565555517937654031e+02
-2.994495388755166800e+02
-2.681734111755233698e+02
-2.869668468664611964e+02
-2.851579915042210587e+02
-2.630208875951138907e+02
-2.682260978605960986e+02
-3.166173690952754214e+02
-2.924568318529991302e+02
-3.179573395816976245e+02
-2.655899039077572183e+02
-2.966409676402918194e+02
-2.640113378748777677e+02
-2.852936760433984205e+02
-3.131561165686744062e+02
-3.046652655057519041e+02
-2.827431979983642236e+02
-2.813692748915456150e+02
-2.999370718273393095e+02
-2.857300212069882264e+02
-2.741909348528807868e+02
-2.978218831411022620e+02
-2.702619791729663348e+02
-2.859466943859272305e+02
-2.817700744531759369e+02
-2.714585855803495633e+02
-2.705105461826807982e+02
-2.814305363768049801e+02
-3.225219448375599995e+02
-2.836886952158197346e+02
-2.680892144067873915e+02
-2.843906119812593829e+02
-2.729940369683249060e+02
-2.692928519695620935e+02
