Model: lognorm
Real logL: -341.7113510494929
Mean sim logL: -342.567594556311
Std sim logL: 11.269527172343812
Delta TS: 0.8562435068180889
Significance: 0.07597865409290364 sigma
TS_sim array:
-3.272801271205671583e+02
-3.386108780275832260e+02
-3.359289037826728190e+02
-3.441877395892039999e+02
-3.374825210783264993e+02
-3.365884687021316495e+02
-3.472198568825943994e+02
-3.414384223893965782e+02
-3.346665962136634107e+02
-3.484634279702081585e+02
-3.331165680953874926e+02
-3.433733253240606587e+02
-3.272525863153007322e+02
-3.528246505060610616e+02
-3.449042075697905148e+02
-3.519113545195712049e+02
-3.546443731147002154e+02
-3.434744735615411173e+02
-3.696081048540487473e+02
-3.627812655305044700e+02
-3.346370361987446813e+02
-3.448082964627955107e+02
-3.492115927033271419e+02
-3.412511723893751423e+02
-3.495629536581323009e+02
-3.367444454211467928e+02
-3.466030756452140622e+02
-3.139240159541913613e+02
-3.669020680804522954e+02
-3.604179482494045033e+02
-3.318286409877088659e+02
-3.358409703785583815e+02
-3.659949406283105873e+02
-3.185133227917638692e+02
-3.325104744973531297e+02
-3.341100417861514416e+02
-3.224980570647087461e+02
-3.454429527041894517e+02
-3.389373345737656678e+02
-3.541579616120514515e+02
-3.535984903174001488e+02
-3.567500061687399580e+02
-3.533655768891247817e+02
-3.280068450173258157e+02
-3.309709383640027340e+02
-3.354879072388318946e+02
-3.549100921942220452e+02
-3.382317160919533308e+02
-3.505277267886161781e+02
-3.466106301500843756e+02
-3.296620405704128416e+02
-3.458219628619556829e+02
-3.395305585739314438e+02
-3.462652844196220485e+02
-3.319441733436086110e+02
-3.452213257716524595e+02
-3.427367510390945426e+02
-3.510368750579551715e+02
-3.403968282030920136e+02
-3.590774405629771309e+02
-3.461142656416874388e+02
-3.439320707874596792e+02
-3.346831851346348685e+02
-3.544246425527290967e+02
-3.297578423872365647e+02
-3.543284147465983551e+02
-3.284561668240500580e+02
-3.391855158618495807e+02
-3.498119383548568067e+02
-3.257688809981910936e+02
-3.284756101349510686e+02
-3.341208060702234661e+02
-3.339758907443727480e+02
-3.411991564373730057e+02
-3.353302134111781356e+02
-3.404945563228620813e+02
-3.305139403853446538e+02
-3.316108118425224234e+02
-3.327046754566351865e+02
-3.456204689849259921e+02
-3.382173977133780909e+02
-3.501757934962295167e+02
-3.396218625984450910e+02
-3.308243431105731815e+02
-3.256469322893904632e+02
-3.454363298786215637e+02
-3.457307868968289881e+02
-3.438316590154473715e+02
-3.502370351607189036e+02
-3.311153054505109594e+02
-3.476874101166889659e+02
-3.648105277342503996e+02
-3.669513287355669036e+02
-3.428914004734402283e+02
-3.535127693084104976e+02
-3.505566337036663072e+02
-3.663823887728823365e+02
-3.277431129634174454e+02
-3.473162187088676092e+02
-3.477528438648237739e+02
