Model: gaussian
Real logL: -475.5945359439709
Mean sim logL: -321.295334862366
Std sim logL: 11.257239898692069
Delta TS: -154.2992010816049
Significance: -13.706663664468257 sigma
TS_sim array:
-3.158692754365511064e+02
-3.325721622763975347e+02
-3.395466460963307327e+02
-3.142273077697279291e+02
-3.190106692534685635e+02
-3.148249473631902902e+02
-3.182300135957693783e+02
-3.200301837665472817e+02
-3.162363084888598905e+02
-3.126738393187799261e+02
-3.184917949463435889e+02
-3.327574626687788850e+02
-3.161502916485142123e+02
-3.179161617397638793e+02
-3.096909252067536613e+02
-3.255925321220864816e+02
-3.088251837568825522e+02
-3.374606380734152253e+02
-3.256899518018846607e+02
-3.104287617492895492e+02
-3.094180054955312471e+02
-3.162684690289200375e+02
-3.298957519232137656e+02
-3.029844248184408571e+02
-3.311651062968074370e+02
-3.294253853738147200e+02
-3.252532134377231046e+02
-3.140252548746173034e+02
-3.258127580090899187e+02
-3.255651413383055797e+02
-2.927516178403183176e+02
-3.092414303385049266e+02
-3.119629142510708562e+02
-3.304523774151637099e+02
-3.214717615060961862e+02
-3.216906902992544701e+02
-3.204043819004057241e+02
-3.195503408185281273e+02
-3.291762388705582225e+02
-3.355724795085033634e+02
-3.258529423904059286e+02
-3.210232695901474358e+02
-3.096640152498960106e+02
-3.154999759584794674e+02
-3.160411874294800327e+02
-3.255812339751468016e+02
-3.175156706053230664e+02
-3.162998584378741498e+02
-3.129480571602750842e+02
-3.222256917171931718e+02
-3.344060947875849479e+02
-3.279178473591747434e+02
-3.196987300168799493e+02
-3.214139564386658208e+02
-3.096897387546601976e+02
-3.227367759397665736e+02
-3.154538167909507820e+02
-3.329133502300314831e+02
-3.111124446225455813e+02
-3.091224056522085561e+02
-3.599437053023857516e+02
-3.349878988688068375e+02
-3.349088509556497684e+02
-3.035187940414209038e+02
-3.425544241963022500e+02
-3.454159580278502517e+02
-3.116011635990390687e+02
-2.965368932527775314e+02
-3.213367556783541659e+02
-3.314493803654543171e+02
-3.223607885287673298e+02
-3.161131213925417569e+02
-3.053003820429013899e+02
-3.252175960670787163e+02
-3.428857208015392075e+02
-3.218256968758071253e+02
-2.981607392277211375e+02
-3.150430140307514648e+02
-3.210662993707086912e+02
-3.182556268781863764e+02
-3.237829680944130928e+02
-3.306562349766519446e+02
-3.204130745720398181e+02
-3.400934159647073329e+02
-3.301246102191548175e+02
-3.193855817100622971e+02
-3.110683245362619687e+02
-3.127961969847452224e+02
-3.274634667512765986e+02
-3.212096479732103944e+02
-3.075910431405609415e+02
-3.191342890094350651e+02
-3.199191656599369935e+02
-3.362315418001788885e+02
-3.210553255135513382e+02
-3.294751139234670632e+02
-3.209092930597961413e+02
-3.084027624062272253e+02
-3.145293820851055671e+02
-3.513793748208895522e+02
