Model: lognorm
Real logL: -333.2172594130949
Mean sim logL: -372.20102758479464
Std sim logL: 7.252219225980737
Delta TS: 38.98376817169975
Significance: 5.37542605331651 sigma
TS_sim array:
-3.624724844371277186e+02
-3.796950025009888350e+02
-3.763270201080624702e+02
-3.790611546796553739e+02
-3.635619481333693557e+02
-3.817070997766951450e+02
-3.802945762442180921e+02
-3.652871989522010381e+02
-3.792052184058961757e+02
-3.717461166797768328e+02
-3.623673986710092549e+02
-3.659583922365097806e+02
-3.719844488609534210e+02
-3.696528708186644963e+02
-3.629832975496855738e+02
-3.709005490969299217e+02
-3.677977356245404508e+02
-3.855436415729728310e+02
-3.857750578814162736e+02
-3.802141199529582991e+02
-3.790842957837053291e+02
-3.759345507532618740e+02
-3.755281847038972955e+02
-3.689198411650503999e+02
-3.762565696215043545e+02
-3.826175593561463870e+02
-3.792791630864517174e+02
-3.740969787476376496e+02
-3.854302476567709732e+02
-3.929548361368430847e+02
-3.814025984324105707e+02
-3.808954059310490265e+02
-3.746884364880694420e+02
-3.765999304311397964e+02
-3.758031100670982596e+02
-3.663164730441137067e+02
-3.767242306308648949e+02
-3.775181587589116816e+02
-3.684947750911577486e+02
-3.756631415400237302e+02
-3.743379315019477076e+02
-3.828753566096564214e+02
-3.632845953371741530e+02
-3.667851170891445918e+02
-3.659678479140717968e+02
-3.690115795076168865e+02
-3.783035046559738248e+02
-3.751734902619641048e+02
-3.730328518313388031e+02
-3.850309099068998648e+02
-3.637830703475358405e+02
-3.736678234618090642e+02
-3.759172575838759940e+02
-3.736998835698340145e+02
-3.758782104424061572e+02
-3.746913351170975943e+02
-3.612650981331993307e+02
-3.742315031198172619e+02
-3.598451266980962373e+02
-3.747037353350631292e+02
-3.841760307627484963e+02
-3.673507741467195729e+02
-3.743466568918463508e+02
-3.652374030705158816e+02
-3.846996262782022313e+02
-3.609318358280905841e+02
-3.667822054655337070e+02
-3.604747774187173945e+02
-3.845888239498482335e+02
-3.740162589307255985e+02
-3.670974890929691696e+02
-3.678546091758289549e+02
-3.721742019730038464e+02
-3.762983602346851626e+02
-3.719633406192759821e+02
-3.765672903645845508e+02
-3.700406358724820279e+02
-3.745795745609344181e+02
-3.733169907527699252e+02
-3.653700136420794138e+02
-3.650969760817738461e+02
-3.751602852322628792e+02
-3.683138268431430333e+02
-3.578486621400900276e+02
-3.673771079378436752e+02
-3.798003127866372211e+02
-3.627020132537388690e+02
-3.768355449254715950e+02
-3.735528514901402559e+02
-3.820923929376161823e+02
-3.633468818237814730e+02
-3.713451762793097828e+02
-3.820448146583324842e+02
-3.667665806302311466e+02
-3.676540433238729975e+02
-3.673563372436233294e+02
-3.703232819799075628e+02
-3.700536837222128383e+02
-3.783352557188776473e+02
-3.684159227630670443e+02
-3.698541209466280861e+02
-3.759627730330238933e+02
-3.676729485013134990e+02
-3.700649347687972295e+02
-3.673499296347929430e+02
-3.784806858896934045e+02
-3.652680418250183720e+02
-3.784291089067418170e+02
-3.785165359108707435e+02
-3.750772392299482476e+02
-3.776394403271609690e+02
-3.789376325640497498e+02
-3.714053134331340971e+02
-3.679058840916721920e+02
-3.650381313379010635e+02
-3.704272410497788997e+02
-3.691448761580714972e+02
-3.721779861685226365e+02
-3.816711299163504236e+02
-3.649808128109071959e+02
-3.633028414153001222e+02
-3.710529051286537197e+02
-3.680621114479165499e+02
-3.668379271220500186e+02
-3.780939826154264551e+02
-3.637959826232331579e+02
-3.721865152679393987e+02
-3.616656483873796333e+02
-3.701588889890049359e+02
-3.586246273399590905e+02
-3.665245417146421687e+02
-3.768165020562370273e+02
-3.750390168115424103e+02
-3.750122556386199903e+02
-3.824237708094104846e+02
-3.770354623645708330e+02
-3.852763410848364742e+02
-3.587348661005974009e+02
-3.704715997845428888e+02
-3.705862705395232979e+02
-3.666368369097076538e+02
-3.763407913040945232e+02
-3.636367813668999247e+02
-3.723898308815972769e+02
-3.747737734855428471e+02
-3.638186315864361973e+02
-3.796667628206669178e+02
-3.785803088310223075e+02
-3.743682773166025299e+02
-3.523501475949691439e+02
-3.594487318919111090e+02
-3.659215570929219439e+02
-3.822821518360448749e+02
-3.751684672926686517e+02
-3.698600166988326237e+02
-3.744706883946449807e+02
-3.724304571169728888e+02
-3.743768607316847010e+02
-3.668165811771301605e+02
-3.717365246701000387e+02
-3.784978331198279875e+02
-3.736678137819172889e+02
-3.830404111150896824e+02
-3.701651748140333211e+02
-3.857231727610782173e+02
-3.706360146994538809e+02
-3.750407382878965450e+02
-3.650200297217805883e+02
-3.795455470927189481e+02
-3.804833817539441725e+02
-3.706086198449130507e+02
-3.832135923441649652e+02
-3.649293564222906525e+02
-3.777148385097443679e+02
-3.735201546543487439e+02
-3.736074657691949596e+02
-3.693673855065140970e+02
-3.707295339932184675e+02
-3.659219358709886478e+02
-3.654141461230320829e+02
-3.741884915750877099e+02
-3.634741392510792934e+02
-3.700507493859058172e+02
-3.693687243402478657e+02
-3.666376185331448028e+02
-3.674646934466099424e+02
-3.685364935782377529e+02
-3.682913218460987537e+02
-3.710588997270199343e+02
-3.811315778420242850e+02
-3.885640793795827221e+02
-3.803634627726008830e+02
-3.967041333118355624e+02
-3.652491872462170477e+02
-3.841250050718166449e+02
-3.760445220316396444e+02
-3.724332686799455701e+02
-3.836091326284981733e+02
-3.754701037020155354e+02
-3.818862990140945612e+02
-3.727201668712458513e+02
-3.773553383801605605e+02
-3.695909888749278025e+02
-3.813421836492789225e+02
-3.616647164993724459e+02
-3.609451982796250604e+02
-3.715433175920887834e+02
-3.710860107281248474e+02
-3.660268761163640647e+02
-3.749486824157133924e+02
-3.768940826533612949e+02
-3.658640200399069613e+02
-3.815486615872816856e+02
-3.640717178861980301e+02
-3.725885677094456696e+02
-3.796510399569876313e+02
-3.647569147740732660e+02
-3.879729868739804601e+02
-3.741669969939908924e+02
-3.704658442197334125e+02
-3.701358757133900781e+02
-3.816119017842197536e+02
-3.713878196578846200e+02
-3.720605710616665647e+02
-3.711245583695205141e+02
-3.723498240344874262e+02
-3.742956835209583346e+02
-3.753512381379885028e+02
-3.651148623577590797e+02
-3.658156716517947302e+02
-3.667164378702074146e+02
-3.710184628736951709e+02
-3.696496872593486387e+02
-3.642817929073080450e+02
-3.804905452640559815e+02
-3.641494374737685007e+02
-3.634477018528403960e+02
-3.713561140327890371e+02
-3.735534543136555499e+02
-3.880118212879763178e+02
-3.705060244181858025e+02
-3.644362728324596219e+02
-3.770018189747582369e+02
-3.545008947130330057e+02
-3.664013144842770089e+02
-3.599480691544320621e+02
-3.820725687508243595e+02
-3.749095110472219972e+02
-3.718920087252796520e+02
-3.798555623005602229e+02
-3.597452381787958871e+02
-3.747267744882601050e+02
-3.816897133803254860e+02
-3.683503041296349352e+02
-3.694224993256975154e+02
-3.630230595952139652e+02
-3.795530494347932517e+02
-3.774186730644312320e+02
-3.724529730947462554e+02
-3.791633641962714592e+02
-3.666628143126622490e+02
-3.704901602423305462e+02
-3.587227253363764703e+02
-3.767536345991667872e+02
-3.781297569055670351e+02
-3.749540152156004638e+02
-3.814146700476198362e+02
-3.774694288988161475e+02
-3.682687748770553640e+02
-3.827469486811285151e+02
-3.794608000789647235e+02
-3.748178431993452477e+02
-3.680113233372140371e+02
-3.689529923584995004e+02
-3.709409910534113806e+02
-3.601380519039058754e+02
-3.607076149408768515e+02
-3.685166609418043890e+02
-3.702939716533592787e+02
-3.752385004966475321e+02
-3.751035944333952443e+02
-3.863124391028969171e+02
-3.614299929532960505e+02
-3.738435484872066468e+02
-3.789258449926801404e+02
-3.668822500032060816e+02
-3.531191626586186203e+02
-3.727757325924675342e+02
-3.701611504513194859e+02
-3.731901235649316959e+02
-3.612502458743343823e+02
-3.598940063318356692e+02
-3.770722643067473427e+02
-3.745682435844568658e+02
-3.708391931655469307e+02
-3.713497898496408425e+02
-3.676578231789233655e+02
-3.644469447952128576e+02
-3.755674872203669565e+02
-3.614227046048811189e+02
-3.686616366969292358e+02
-3.645632833867588829e+02
-3.762714690934586201e+02
-3.756078008882473682e+02
-3.737250674794385645e+02
-3.684356158845557729e+02
-3.871338251427545174e+02
-3.930285934248374815e+02
-3.733113416893053227e+02
-3.702969612046234147e+02
-3.611894355269521952e+02
-3.632390363762938819e+02
-3.933811709627407254e+02
-3.767789092921191241e+02
-3.777493027429741232e+02
-3.786472645604509353e+02
-3.837962923231785908e+02
-3.766586715030103960e+02
-3.716489779276932950e+02
-3.725680792062778437e+02
-3.721379808279672261e+02
-3.768233108137592353e+02
-3.772869672443030709e+02
-3.570256717077291455e+02
-3.687522449571837342e+02
-3.714170303856651003e+02
-3.662502048774541663e+02
-3.737996190196633961e+02
-3.689248826293525099e+02
-3.692389442216754105e+02
-3.677246083920754245e+02
-3.788219254541557461e+02
-3.843292656241497411e+02
-3.871588792725667645e+02
-3.723092638268378778e+02
-3.712089494969872021e+02
-3.707393256503802945e+02
-3.692701890212088074e+02
-3.747551122915257338e+02
-3.742195726598591818e+02
-3.658123514435695256e+02
-3.661246726962001503e+02
-3.696981319114462394e+02
-3.644722647931206438e+02
-3.540046723533700401e+02
-3.700455654956103899e+02
-3.736809684602056905e+02
-3.653963988943892218e+02
-3.622195511529313308e+02
-3.711120437893665098e+02
-3.840311346937515964e+02
-3.694895522315645167e+02
-3.676471159666612039e+02
-3.772391978904694270e+02
-3.698055944206020058e+02
-3.683640167599812685e+02
-3.721560855228643732e+02
-3.676056704553874965e+02
-3.677765154407881596e+02
-3.668724011816785833e+02
-3.760965824404150908e+02
-3.705461994077454619e+02
-3.783077671811824985e+02
-3.787220220325051514e+02
-3.662719876479338836e+02
-3.680957252801762252e+02
-3.608410279599697787e+02
-3.686651349196055207e+02
-3.717976499893486562e+02
-3.658718698956124626e+02
-3.629621935960337282e+02
-3.829068009246686870e+02
-3.743774437791224727e+02
-3.726736189756949216e+02
-3.820314177319052078e+02
-3.745922905353104397e+02
-3.696540789662742554e+02
-3.651011619443129348e+02
-3.702827188754105237e+02
-3.659794018177608450e+02
-3.624770835693090021e+02
-3.656927108724228219e+02
-3.681693589928323718e+02
-3.761914054314710825e+02
-3.747039142667086935e+02
-3.754396221245460765e+02
-3.601773547842443008e+02
-3.575835377551601368e+02
-3.713193735128348862e+02
-3.809408985679839361e+02
-3.646058574272247483e+02
-3.669282257647244592e+02
-3.750461159594792093e+02
-3.533947973478802851e+02
-3.753826009171298779e+02
-3.710273229873426999e+02
-3.717376174809695613e+02
-3.755120529095112261e+02
-3.797801495794172979e+02
-3.765951543734580582e+02
-3.829661883514834813e+02
-3.756953911424937473e+02
-3.718735831548367514e+02
-3.714008825953052906e+02
-3.711020342494517195e+02
-3.674577859295361577e+02
-3.630537904661103994e+02
-3.653488277886991114e+02
-3.688168014371395884e+02
-3.693029011684083116e+02
-3.743782410129005029e+02
-3.732874517504997698e+02
-3.785185398363505556e+02
-3.635175172060182831e+02
-3.727087532598178541e+02
-3.730404834626818911e+02
-3.728464993377593260e+02
-3.630803172891738768e+02
-3.746316879887783102e+02
-3.688124087648214982e+02
-3.684823603610124678e+02
-3.844624322479470493e+02
-3.735210647052120407e+02
-3.555924512413394041e+02
-3.730161044615596779e+02
-3.794085681359582054e+02
-3.683417190608629426e+02
-3.753708346217003964e+02
-3.708382902505372840e+02
-3.769272881245725557e+02
-3.737038856587743112e+02
-3.854632101880399659e+02
-3.769749936496642704e+02
-3.718465202131005185e+02
-3.790702862497080901e+02
-3.853505998421827599e+02
-3.717047271667207156e+02
-3.746242948681457392e+02
-3.824335533386010297e+02
-3.747378824581592198e+02
-3.716558755251562616e+02
-3.860220830871386397e+02
-3.745038733743608645e+02
-3.772657333804522750e+02
-3.753912220518940899e+02
-3.766023066085788287e+02
-3.908591206274436445e+02
-3.699189294548027647e+02
-3.653684958906814586e+02
-3.679015356303714839e+02
-3.875810910207873690e+02
-3.703925176739836047e+02
-3.651745713325484530e+02
-3.659240433577822387e+02
-3.558522125542652361e+02
-3.779842144325116919e+02
-3.815705118110844296e+02
-3.628847326468280698e+02
-3.803482331513721988e+02
-3.764891674368871008e+02
-3.851192274074838906e+02
-3.825433945776799760e+02
-3.598233711030757149e+02
-3.680118666529359075e+02
-3.616459962642787787e+02
-3.738141351703685586e+02
-3.568239017739647352e+02
-3.579636292095259478e+02
-3.619597037426319730e+02
-3.763021788013645619e+02
-3.680419934353718645e+02
-3.748505220471818120e+02
-3.699229251573770512e+02
-3.697514609459715871e+02
-3.783616108725324239e+02
-3.758492276915286538e+02
-3.721178619963759502e+02
-3.856303189561660929e+02
-3.761823445957444392e+02
-3.734505170319725949e+02
-3.764093081905649001e+02
-3.705268590293177340e+02
-3.643212578599386120e+02
-3.776135602157051494e+02
-3.692892425676440098e+02
-3.523599040984075828e+02
-3.693862030277747408e+02
-3.692092509394980766e+02
-3.613701458189341906e+02
-3.626456482469674256e+02
-3.735117687736815242e+02
-3.863108890495834089e+02
-3.706206197998074572e+02
-3.767670818266088872e+02
-3.787801273590121127e+02
-3.640711651260786539e+02
-3.689586466178618593e+02
-3.758442174317854096e+02
-3.761276571480798339e+02
-3.698167428175840996e+02
-3.770777636024805588e+02
-3.720597012076776764e+02
-3.838722373092074349e+02
-3.872066182990594143e+02
-3.740963417408769374e+02
-3.761791608374044813e+02
-3.798037557355980880e+02
-3.714627491785471420e+02
-3.659950202757731859e+02
-3.792770102599728830e+02
-3.811351887411816506e+02
-3.721383358868226878e+02
-3.808047914791155222e+02
-3.647546500304011943e+02
-3.679707184196118419e+02
-3.639585823730424181e+02
-3.734251251800401405e+02
-3.568356975362839876e+02
-3.801191401571343249e+02
-3.675419853936671188e+02
-3.734963626248224955e+02
-3.718195109933699882e+02
-3.843518892171175594e+02
-3.754579399966453934e+02
-3.708667567407496790e+02
-3.755057427748137115e+02
-3.629556751296484549e+02
-3.759393179762940917e+02
-3.864275032025058181e+02
-3.615970438698133762e+02
-3.677603205631338597e+02
-3.599678372799247654e+02
-3.688751411251256513e+02
-3.747823035354163039e+02
-3.643903074787990590e+02
-3.738840526733135334e+02
-3.670130057267892880e+02
-3.606181393663343897e+02
-3.726480570743858607e+02
-3.677378264355647275e+02
-3.643864111048426366e+02
-3.644989860269447490e+02
-3.806196995287093046e+02
-3.729349852295286496e+02
-3.639363438348950694e+02
-3.746004540402236103e+02
-3.694997244911014036e+02
-3.700704526986787073e+02
-3.653455418687747169e+02
-3.798768150279134943e+02
-3.658135309695981050e+02
-3.710470963472401991e+02
-3.690794957333772572e+02
-3.651441804633873858e+02
-3.753961175742743990e+02
-3.715629413058704813e+02
-3.703565355414001488e+02
-3.680771677838775418e+02
-3.628431213778015945e+02
-3.690827405271846828e+02
-3.776744998808137552e+02
-3.767256652627674498e+02
-3.755510501045660021e+02
-3.686665549130051431e+02
-3.783251434329306448e+02
-3.671505709594745781e+02
-3.751392142918249419e+02
-3.811878391708401637e+02
-3.788985978761559181e+02
-3.792723387168451268e+02
-3.783910377648877557e+02
-3.707539193208845631e+02
-3.716719513172067764e+02
-3.722251983731546261e+02
-3.745130608661624478e+02
-3.881287205215796234e+02
-3.745580673390102220e+02
-3.845914952608181920e+02
-3.732144384299836020e+02
-3.666400412390515271e+02
-3.644752117597410574e+02
-3.698582147701796998e+02
-3.788907466485686655e+02
-3.629801931635055325e+02
-3.765092264904067179e+02
-3.682822825918975695e+02
-3.761659500542345995e+02
-3.757812927426106739e+02
-3.704581440341108873e+02
-3.697799397245785258e+02
-3.752841456939487443e+02
-3.632088765546135392e+02
-3.684051510486078200e+02
-3.735511335619523834e+02
-3.576620529269922031e+02
-3.820126770138701886e+02
-3.721199122593803850e+02
-3.621224604242864871e+02
-3.701224663530000498e+02
-3.703946792128112406e+02
-3.679880753558501851e+02
-3.797240745975901746e+02
-3.785036965337603760e+02
-3.708129550830699372e+02
-3.896954190858159564e+02
-3.697497482596054965e+02
-3.788474484433237421e+02
-3.711928825802002621e+02
-3.745576182206869476e+02
-3.677404997888266962e+02
-3.730927131706048385e+02
-3.871316317919012135e+02
-3.557193932978506155e+02
-3.815289800643810736e+02
-3.699302413444727335e+02
-3.702640090010388576e+02
-3.717932362180122254e+02
-3.678505682130438572e+02
-3.806414369449917103e+02
-3.730777381816944853e+02
-3.593089333974581905e+02
-3.772063791847551784e+02
-3.696332666713357753e+02
-3.753792219748992238e+02
-3.495149027410081999e+02
-3.622603993212799764e+02
-3.671601981469725047e+02
-3.736571626297180728e+02
-3.648118397913962099e+02
-3.813895484893370735e+02
-3.715978423804059503e+02
-3.653258608491237283e+02
-3.714503258451807142e+02
-3.710132423140535707e+02
-3.649763931775621586e+02
-3.601812270565648646e+02
-3.679615911916098980e+02
-3.707273270047714959e+02
-3.781950369970014663e+02
-3.740538779597695793e+02
-3.888355138109719746e+02
-3.666699512304347763e+02
-3.800660870623563596e+02
-3.726001130499923875e+02
-3.660823571377288772e+02
-3.626747384782412382e+02
-3.703453906022335786e+02
-3.586584167756399779e+02
-3.587913172382917537e+02
-3.753760664093417745e+02
-3.685518995729980816e+02
-3.685522281364696937e+02
-3.789577451392683543e+02
-3.721832757540690295e+02
-3.836222956533171100e+02
-3.723389125673843978e+02
-3.620111167812550548e+02
-3.895063126884377880e+02
-3.734942585308590424e+02
-3.755735328482869591e+02
-3.776497162506943255e+02
-3.753776812822539455e+02
-3.714076439450071234e+02
-3.769832440247760132e+02
-3.685248240552899688e+02
-3.674872858744810173e+02
-3.688778126821196111e+02
-3.847975479310932769e+02
-3.665530297931522341e+02
-3.682767583047367452e+02
-3.708167872671627947e+02
-3.785853916159142045e+02
-3.599498351009139014e+02
-3.734966518698092273e+02
-3.782728939199358251e+02
-3.689756153490112638e+02
-3.681998835012646509e+02
-3.772875683864143639e+02
-3.620589921903687127e+02
-3.592100176275645254e+02
-3.662197215890648749e+02
-3.669867825165924842e+02
-3.643412963521225834e+02
-3.677220603029619497e+02
-3.769999831407785678e+02
-3.687680943595308349e+02
-3.683397007815264033e+02
-3.753282281324858332e+02
-3.634578619639603403e+02
-3.623228867241426769e+02
-3.665933421856362884e+02
-3.897565753136462945e+02
-3.804185892602181411e+02
-3.649553702267072026e+02
-3.641077255686319063e+02
-3.705613966831730295e+02
-3.603481380326188628e+02
-3.670343753266951694e+02
-3.800903324191642128e+02
-3.745901921462041173e+02
-3.627264713618566248e+02
-3.728804656234729009e+02
-3.928252122467280287e+02
-3.683418230472282175e+02
-3.698479035554000802e+02
-3.691413075184104855e+02
-3.694667634932247893e+02
-3.647934213934123022e+02
-3.712856880218820947e+02
-3.805440420227259892e+02
-3.714390053478223876e+02
-3.783183548687505322e+02
-3.761498805956148317e+02
-3.818043074666119310e+02
-3.747879615267210056e+02
-3.812319472418114970e+02
-3.623974841447005133e+02
-3.708671477285475930e+02
-3.671831786429278282e+02
-3.604617318055950932e+02
-3.750556188674990494e+02
-3.774956864306953435e+02
-3.606517665857501811e+02
-3.849248996473546072e+02
-3.727870770232364066e+02
-3.632869895436489287e+02
-3.778341376426922125e+02
-3.811552668171149207e+02
-3.792739094854540554e+02
-3.730568970980439190e+02
-3.697891246565296228e+02
-3.761861536758255511e+02
-3.870186129179215868e+02
-3.705698949222070269e+02
-3.715903773012208262e+02
-3.664071589466312275e+02
-3.782863433147930436e+02
-3.706180316303185691e+02
-3.647932892817481161e+02
-3.768746615078908917e+02
-3.697149151331532266e+02
-3.686287136326568543e+02
-3.739499435398055880e+02
-3.723830234577903298e+02
-3.736755639147993406e+02
-3.707885772916824294e+02
-3.663103191550736142e+02
-3.727704362668514477e+02
-3.673101103766275628e+02
-3.776921261029403922e+02
-3.634645712357978482e+02
-3.726846577573938930e+02
-3.814452281050560600e+02
-3.695211444705479380e+02
-3.682736717989204180e+02
-3.766278292038739437e+02
-3.629462269007163968e+02
-3.781392852602638754e+02
-3.741088817061194050e+02
-3.724652182279623958e+02
-3.742534814760267636e+02
-3.650860788651967823e+02
-3.655946322072616113e+02
-3.717740090331506622e+02
-3.729156089938693412e+02
-3.621961844414144025e+02
-3.694937949916411526e+02
-3.658454321143641437e+02
-3.720217332120515152e+02
-3.814999363143573419e+02
-3.692789992581289198e+02
-3.828522388478421590e+02
-3.754644294216441267e+02
-3.781053842997575316e+02
-3.650647158575290518e+02
-3.681523750354074878e+02
-3.690339811700529253e+02
-3.727237991193302946e+02
-3.641626269547576840e+02
-3.517662561486479831e+02
-3.700984484203404463e+02
-3.701956441776982274e+02
-3.668357699101286471e+02
-3.834378434265279338e+02
-3.833856286854404516e+02
-3.800696620299503934e+02
-3.674539364232785488e+02
-3.577009714487234646e+02
-3.600891268207491862e+02
-3.702182046779757911e+02
-3.771452626941431845e+02
-3.703789209920205394e+02
-3.719659538135358616e+02
-3.688014239757360997e+02
-3.617943504024317463e+02
-3.665072249438688345e+02
-3.724248688318594986e+02
-3.679756965115315666e+02
-3.687102425583752847e+02
-3.622983185192682072e+02
-3.712189936458073589e+02
-3.713913956691378644e+02
-3.674859913850634712e+02
-3.687704112926529092e+02
-3.715163511309172009e+02
-3.864186803042765632e+02
-3.691867263824122460e+02
-3.689542467801688872e+02
-3.723396892785810905e+02
-3.654502268347416134e+02
-3.767365719215565605e+02
-3.784369198517068753e+02
-3.731613788411171981e+02
-3.854395399346607292e+02
-3.685828407530732420e+02
-3.818712361230046213e+02
-3.728806420900248213e+02
-3.774986177472757163e+02
-3.890696310613110995e+02
-3.779866648979150341e+02
-3.742237097863243207e+02
-3.717858393790042442e+02
-3.698645627651247878e+02
-3.729284361587898502e+02
-3.726894018571547917e+02
-3.738397453508010813e+02
-3.787651730475751037e+02
-3.742847995330117783e+02
-3.658571811311321653e+02
-3.786650966040950834e+02
-3.808710954467497345e+02
-3.746194778171294502e+02
-3.605931254966085362e+02
-3.800444618026157286e+02
-3.754741790388665095e+02
-3.699238605878666704e+02
-3.749490487478391287e+02
-3.595114668726900504e+02
-3.698444047612078407e+02
-3.746410413223042610e+02
-3.803398608514011130e+02
-3.810497068870087105e+02
-3.793821657047282088e+02
-3.811607171067032596e+02
-3.692862645999662163e+02
-3.757517095583681339e+02
-3.678859914779174005e+02
-3.728709607942835191e+02
-3.681836187058988799e+02
-3.676853764837612175e+02
-3.609394905483894718e+02
-3.744005745335855977e+02
-3.761885370337017775e+02
-3.696519701152886910e+02
-3.672716190729433947e+02
-3.672867956037795807e+02
-3.726416713528933542e+02
-3.686578376247728102e+02
-3.895087359629511070e+02
-3.909534304170866221e+02
-3.648484738225195088e+02
-3.722739375762242844e+02
-3.644391357795273052e+02
-3.738295117921455812e+02
-3.611917465849819564e+02
-3.765711443478329556e+02
-3.707452898620742872e+02
-3.679779393832710639e+02
-3.730674412531460007e+02
-3.751611256079157215e+02
-3.609338667659889097e+02
-3.782074051890913324e+02
-3.736921551587615795e+02
-3.791590014230348515e+02
-3.693957034303076625e+02
-3.863388768019456165e+02
-3.645267186931794186e+02
-3.671699074643585732e+02
-3.789027662985616303e+02
-3.782078036208356480e+02
-3.776000490612113936e+02
-3.826555955270583809e+02
-3.782192502402907621e+02
-3.740531970633668379e+02
-3.732014815290808087e+02
-3.880419133603631963e+02
-3.834662678862472376e+02
-3.748269804380998949e+02
-3.822143699672034813e+02
-3.707433586462657331e+02
-3.685636715076083760e+02
-3.686283495361344649e+02
-3.759000700271307096e+02
-3.728919461938447739e+02
-3.690559541699896045e+02
-3.767473706060643508e+02
-3.594848445588680761e+02
-3.709128196233204449e+02
-3.711012099888783382e+02
-3.639073478141037867e+02
-3.738848857868298978e+02
-3.771123258727631082e+02
-3.664250331200177584e+02
-3.888848757522365531e+02
-3.693129403155027148e+02
-3.784838419578535991e+02
-3.675016276979056329e+02
-3.719730305132015360e+02
-3.753046047292305047e+02
-3.730179245495852456e+02
-3.672603111665019355e+02
-3.678472248917007050e+02
-3.680686114901186556e+02
-3.619194265575246163e+02
-3.723849955457500300e+02
-3.715060955653774499e+02
-3.662640459683902918e+02
-3.794096754321921026e+02
-3.753367556035900634e+02
-3.818480653313274615e+02
-3.757454776364127156e+02
-3.660147419446545314e+02
-3.771483818625504227e+02
-3.678957001422468238e+02
-3.620991988778362725e+02
-3.668400068006910146e+02
-3.724220329102552114e+02
-3.749898215346773895e+02
-3.719726184558981572e+02
-3.728454473191199554e+02
-3.721761209277307216e+02
-3.805449071147750715e+02
-3.697751497998202694e+02
-3.790342908102516049e+02
-3.902685227046659975e+02
-3.778197904378909016e+02
-3.618832603040471554e+02
-3.890366351396818345e+02
-3.693055996339692229e+02
-3.638980456047396501e+02
-3.719948904987651304e+02
-3.824007207505674160e+02
-3.789413406904127442e+02
-3.780719700568888015e+02
-3.758597390880307785e+02
-3.637446146220356695e+02
-3.743763567726010137e+02
-3.723547333153693444e+02
-3.573643390877535353e+02
-3.858379880933365484e+02
-3.857721229282016111e+02
-3.758809587996364598e+02
-3.956135432118863378e+02
-3.735357194330518951e+02
-3.758967895661172065e+02
-3.766482270630635867e+02
-3.792321503868976151e+02
-3.690133005041913634e+02
-3.735898191065904257e+02
-3.622229181711231831e+02
-3.814230184499338066e+02
-3.879456219910287018e+02
-3.732014928711290054e+02
-3.658675727993987721e+02
-3.666030953575685771e+02
-3.568887194705170600e+02
-3.622157823119233626e+02
-3.653350474478652359e+02
-3.623436823179405337e+02
-3.607765223676045707e+02
-3.816462311506404035e+02
-3.857369012306694458e+02
-3.721397424147722859e+02
-3.714040651046275343e+02
-3.723491115005874121e+02
-3.726166256062552975e+02
-3.656720834464982204e+02
-3.684877273669050055e+02
-3.585817338263743181e+02
-3.628968504756059588e+02
-3.655775406088473005e+02
-3.568123545037428244e+02
-3.767039795911371698e+02
-3.845169449903864347e+02
-3.778607002360877232e+02
-3.803642793857118249e+02
-3.689330040899774303e+02
-3.780558872196107814e+02
-3.689345157877089605e+02
-3.629562617302248100e+02
-3.805399278283449576e+02
-3.731968234120854504e+02
-3.779298688949361917e+02
-3.709960212985887438e+02
-3.863019788244891970e+02
-3.798922445655878164e+02
-3.749583275210616193e+02
-3.631656397002784615e+02
-3.639782793014094295e+02
-3.683298527036155292e+02
