Model: gaussian
Real logL: -442.34947839157417
Mean sim logL: -389.16226686322943
Std sim logL: 7.011176501386055
Delta TS: -53.18721152834473
Significance: -7.586060844115112 sigma
TS_sim array:
-3.973995482564842519e+02
-3.945437948152273293e+02
-3.944927640431760665e+02
-3.881339058812596363e+02
-3.783733509331933647e+02
-3.938320215131587929e+02
-3.911613290538772958e+02
-4.037943748507087207e+02
-3.931781318802961778e+02
-3.988907776475103901e+02
-3.809931454218936437e+02
-3.933122671368078045e+02
-3.833715559608401691e+02
-3.990688037930809173e+02
-3.820720087798886198e+02
-3.846790246000311981e+02
-3.833784553977826022e+02
-3.876922099028523689e+02
-3.858359964757560192e+02
-3.984775712918398654e+02
-3.938287688791585310e+02
-3.983325909895845598e+02
-4.020981649904792903e+02
-3.821752515129893482e+02
-3.857543552599569239e+02
-3.909300033777532803e+02
-4.014282536057298785e+02
-4.042225627661643443e+02
-3.898815467879181824e+02
-3.887791184034748539e+02
-3.858339299513316973e+02
-3.755281463911338165e+02
-3.737081214289281661e+02
-3.930238620698635259e+02
-3.948783975016324916e+02
-3.982657522317888379e+02
-3.966721762976737864e+02
-3.887660099027789329e+02
-3.905056253191149835e+02
-3.931900627215316035e+02
-3.839750555655709263e+02
-3.793753650864209135e+02
-3.840561573078662150e+02
-3.971147342611872091e+02
-3.929432707994674843e+02
-3.916277268583918953e+02
-3.901461082947755017e+02
-3.955884336465569504e+02
-3.919380107438357754e+02
-4.076474177368959317e+02
-3.857381407076136384e+02
-3.915760679263416932e+02
-3.884114278678184178e+02
-3.891127537036402373e+02
-3.859619845719516320e+02
-3.843086212808593700e+02
-3.832669280959358957e+02
-3.952715303438041587e+02
-3.835272088864726925e+02
-3.850942440731517422e+02
-3.888416544313948862e+02
-3.757584017659965525e+02
-3.851908599117275571e+02
-3.874975964349042670e+02
-3.867409166147803035e+02
-3.935827645598376421e+02
-3.869007533652082884e+02
-3.961047727511269727e+02
-3.862226870781724983e+02
-3.864450811109843471e+02
-3.879743360340123672e+02
-3.882405326766879625e+02
-3.876184295766465198e+02
-3.826231248791247594e+02
-3.829185502140726385e+02
-3.893218066053253779e+02
-3.933554469724869023e+02
-3.928700786773616187e+02
-3.855932189313493836e+02
-3.872463749265440924e+02
-3.890310073984499013e+02
-3.883351474120840976e+02
-3.837620637956818541e+02
-3.817208539190241936e+02
-3.796344218564967150e+02
-3.851894411778598624e+02
-3.837193186667557256e+02
-3.895154157772053622e+02
-3.881123948926846197e+02
-3.776320524202565707e+02
-3.931197119419586556e+02
-3.974386034819279985e+02
-3.999235089361368409e+02
-3.888922074329499310e+02
-3.934618654388864911e+02
-3.936328648121265132e+02
-3.823631823310309414e+02
-3.959928899504634501e+02
-3.868998811611516544e+02
-3.826971193096026695e+02
-3.861372279267538943e+02
-3.816992613798620368e+02
-3.916596583147476167e+02
-3.790064938893231670e+02
-3.896688041655551729e+02
-3.720234402498301165e+02
-3.796777878782427251e+02
-3.855705177519068911e+02
-3.861295207132564542e+02
-3.925582847077760107e+02
-3.873723277390869839e+02
-3.796841594873927761e+02
-3.979608752381740260e+02
-3.997623893001780289e+02
-3.883458634655596597e+02
-3.891571407643583598e+02
-3.895707401823544842e+02
-3.807463507377283349e+02
-3.856596378380107808e+02
-3.850294923012390882e+02
-3.871465744042239407e+02
-3.837566019044373888e+02
-3.890221179370843174e+02
-3.844166370255084075e+02
-3.990713511541923708e+02
-3.906260235521632467e+02
-3.858473813068366098e+02
-3.856366787362234163e+02
-3.984181723447787249e+02
-3.924005923066080186e+02
-3.870214132129401037e+02
-3.780820069833305297e+02
-3.912843072244380664e+02
-3.907752131255112999e+02
-3.793486999425474551e+02
-3.909524575824109434e+02
-3.836060815425124133e+02
-3.863345991818757739e+02
-4.046811389143606448e+02
-3.859767375417800395e+02
-3.871685350102994789e+02
-3.833998633892761063e+02
-3.764819156687297550e+02
-3.993724259058573125e+02
-3.834682859908578507e+02
-4.017099326174003977e+02
-3.808418310213543805e+02
-3.920100488715893334e+02
-3.955790977781441597e+02
-3.981447615582649178e+02
-3.816947628017761076e+02
-3.792381685196556873e+02
-3.791457260462777867e+02
-3.873908453970902315e+02
-3.877560770730699460e+02
-3.936364128195210697e+02
-3.909569189922092391e+02
-3.930774280963960337e+02
-3.866439884145025303e+02
-3.943996619112812141e+02
-3.829066007767220299e+02
-3.929581369011997367e+02
-3.923705540863427927e+02
-3.830811352850123512e+02
-3.937588228126647891e+02
-3.928052739309051162e+02
-3.926498205949411613e+02
-3.816104267941872195e+02
-3.828430955368420427e+02
-3.862892974642759327e+02
-3.868727532257030362e+02
-3.787258076222696559e+02
-4.018558590474405605e+02
-3.816116203988302686e+02
-3.958225757123454969e+02
-3.849564393586684901e+02
-3.919850441641564203e+02
-3.871738228298897866e+02
-3.869845247989550217e+02
-3.904999098550540566e+02
-3.844798516680915554e+02
-3.868785562318564644e+02
-3.953256382596248955e+02
-3.883305018167179128e+02
-3.869479832942407711e+02
-3.908919519654871237e+02
-3.962062023507896811e+02
-3.859932432427494859e+02
-4.052371503239969002e+02
-4.001297996979532741e+02
-3.775054114631392395e+02
-3.943065160884809188e+02
-3.896552611468864598e+02
-3.935637954625516386e+02
-3.941142716422244234e+02
-3.961113253154756535e+02
-3.928308146054304189e+02
-3.933148971309667559e+02
-3.822209667626305531e+02
-4.117586547751628814e+02
-3.882405463686207554e+02
-3.816723297845675233e+02
-3.966285030146960366e+02
-3.867767539328339126e+02
-3.903340272203801078e+02
-3.932557448083130680e+02
-3.880094113349123290e+02
-3.911241962462204356e+02
-3.920322228342191693e+02
-4.003103333289373040e+02
-3.941918133552504173e+02
-3.851302625593356197e+02
-3.898488090819997751e+02
-3.878710177306274431e+02
-3.901702094205853086e+02
-3.931092212645460222e+02
-3.974018317534464018e+02
-3.833401000743991176e+02
-3.913812985556173771e+02
-3.905616468594729440e+02
-3.906668207907689521e+02
-3.940622197303529219e+02
-3.756530566976183536e+02
-3.918464342131113085e+02
-3.907207548750924957e+02
-3.887025340157803157e+02
-3.761186335751202705e+02
-4.004321673702443150e+02
-3.804020960632337278e+02
-3.899626780139948892e+02
-3.745319746348064314e+02
-3.801929894240848853e+02
-3.810802958166004828e+02
-3.814766120881715210e+02
-3.814723451917016064e+02
-3.782065164196756086e+02
-3.913341334518568715e+02
-3.925283629851023193e+02
-3.842894045315547942e+02
-3.814231941375833799e+02
-3.694706081243891731e+02
-3.994083599434441112e+02
-3.873679691166735211e+02
-3.899381375894158737e+02
-3.986043356589259474e+02
-3.963834986716636877e+02
-3.900053760712397661e+02
-3.910689698926302071e+02
-3.912021858118564523e+02
-3.984011425864752596e+02
-4.004218931089534408e+02
-3.969181313814324312e+02
-3.891297677454703035e+02
-3.798067891731257077e+02
-3.791196106221631226e+02
-3.865541002191009170e+02
-4.002802296171192324e+02
-3.809258308142207170e+02
-3.775944330996836698e+02
-3.818670994856213383e+02
-3.931160577753543635e+02
-3.962570641954561097e+02
-3.901874244597343022e+02
-3.861112349681702653e+02
-3.965753942169844777e+02
-3.951079545687265977e+02
-3.987471331649762192e+02
-3.752351302370056487e+02
-3.796899045300134503e+02
-3.835930262774419361e+02
-3.884798838346266621e+02
-3.830435720357750142e+02
-3.797293964815389700e+02
-3.974729037121562101e+02
-3.921777945506551646e+02
-3.980494888257376829e+02
-3.770269353217921662e+02
-3.846273984505518229e+02
-3.881218684151688194e+02
-3.915558443825369750e+02
-3.857096156729368204e+02
-4.004188342143392561e+02
-3.946072320264018458e+02
-3.860828690581238334e+02
-3.844942807690529776e+02
-4.014587169969112210e+02
-3.831423347447442893e+02
-3.757413428918163731e+02
-3.900650813848029657e+02
-3.994309919314042645e+02
-3.825268242633478621e+02
-3.871246341571708172e+02
-3.872200642336973715e+02
-3.902003985354464248e+02
-3.914960553986431364e+02
-3.887428708343206836e+02
-3.836382659913917905e+02
-3.954516162584294534e+02
-3.796809778126056472e+02
-3.851937521315111326e+02
-3.813689816265768968e+02
-3.854744711757976461e+02
-3.934600436258713216e+02
-3.904307509796844897e+02
-3.890383015742249881e+02
-3.874524818601199172e+02
-3.812228091325845867e+02
-3.910330949865162324e+02
-3.947647382494918133e+02
-3.919876405126017289e+02
-3.884135882134798976e+02
-3.865491782942156078e+02
-3.853905958236823608e+02
-3.708370712830659386e+02
-3.963100562537219957e+02
-3.794416638974823286e+02
-3.843984028156147588e+02
-3.835738362411336198e+02
-3.908530725598471349e+02
-3.895181037098586785e+02
-3.876022192754800244e+02
-3.935689310172696196e+02
-3.793782230636947475e+02
-3.797101497218519057e+02
-3.929113907210353887e+02
-3.903910679081897115e+02
-3.933871898450977369e+02
-3.933343457498078237e+02
-3.911583948239633628e+02
-3.828393655506587265e+02
-3.831590249915998356e+02
-3.779409935871685207e+02
-3.931499003359327844e+02
-3.967421008720274358e+02
-3.961420671436571865e+02
-3.869281805942615620e+02
-3.814955531758844245e+02
-3.860673089577240944e+02
-4.171496761698471119e+02
-3.817715192658703245e+02
-3.838434554418664106e+02
-3.846028922682023108e+02
-3.811331940591393277e+02
-3.899340529088452740e+02
-3.919338745037678109e+02
-3.977141659964195242e+02
-3.890364096144623431e+02
-3.840374999120043640e+02
-4.008779818722136383e+02
-3.962079722651083102e+02
-3.903215914942991844e+02
-3.958418045548699524e+02
-3.808512280146438798e+02
-3.875214585646893966e+02
-3.873499009938733479e+02
-3.945173301065938176e+02
-3.860311177238459095e+02
-3.731869318186970759e+02
-3.876187773098000662e+02
-3.826453744055935431e+02
-3.820723899126468837e+02
-3.891531078811678412e+02
-4.036088994610148575e+02
-3.843882654068268039e+02
-3.881614017597715929e+02
-3.839148609334754383e+02
-3.816878117788332361e+02
-4.021068947036140457e+02
-3.901434918743605635e+02
-3.819636395928740740e+02
-3.870370218816069610e+02
-3.803810507192939667e+02
-3.893201397017581940e+02
-3.988732259295836684e+02
-3.830089665406065933e+02
-3.961444881162737488e+02
-3.871638960583126163e+02
-3.798137241499634342e+02
-3.838533490704479618e+02
-3.846055170167099391e+02
-3.980008551707342122e+02
-3.825310499894227405e+02
-3.894633841043543043e+02
-3.949867118669462798e+02
-3.803267527839017248e+02
-3.845861859850749624e+02
-3.905815553626135852e+02
-3.945975731278387570e+02
-3.977236155419765282e+02
-3.947047427859675963e+02
-3.847226557942484533e+02
-3.805946578902331225e+02
-3.814328777564916209e+02
-3.932053489730535603e+02
-3.914229357507413170e+02
-3.891166274535690377e+02
-3.894517073585877824e+02
-3.928901704373582220e+02
-3.764928558812064239e+02
-3.950976652961282980e+02
-3.805824001253771485e+02
-3.879769906157997639e+02
-3.951559578552231642e+02
-3.857522462591924750e+02
-3.760880420713579610e+02
-3.929002854166537873e+02
-3.939476735503852751e+02
-3.865035786174966006e+02
-3.819102055731548262e+02
-3.958279622891582221e+02
-3.931530418447848092e+02
-3.897322592046173213e+02
-3.818231318569133919e+02
-3.938324762011053508e+02
-3.842888266967608502e+02
-4.023309842557231377e+02
-3.778475716094341124e+02
-3.809305510458867730e+02
-3.919413956498794391e+02
-3.858903779668922311e+02
-3.973835436905690131e+02
-4.046359145379047391e+02
-3.891106925716591718e+02
-3.803163822268764420e+02
-3.973366532910409887e+02
-3.855203966070697561e+02
-3.812912593626012381e+02
-3.810593143472313500e+02
-4.004617831493721951e+02
-3.831799943528419021e+02
-3.884775682507192869e+02
-3.830150723310502485e+02
-3.841472809518676286e+02
-3.888990346822708943e+02
-3.973971152252148613e+02
-3.845947967323211287e+02
-4.042072998599175548e+02
-3.973636738447765993e+02
-4.023758259336107699e+02
-4.011091444880719337e+02
-3.769083979778912976e+02
-3.910380389448125698e+02
-3.770149769892971676e+02
-3.934773773281985427e+02
-3.837575385118170175e+02
-4.048785407241484222e+02
-3.913971895612035041e+02
-3.839630364180204651e+02
-4.028640570431006154e+02
-3.942889434165255125e+02
-3.871553793726286585e+02
-3.983219323530330485e+02
-3.872983553738330897e+02
-3.800634810460272774e+02
-3.920207949218339536e+02
-3.873981973798451008e+02
-3.845389165552115855e+02
-3.880145997268639348e+02
-3.918891831274186188e+02
-3.924660362284253097e+02
-3.827683673579667811e+02
-3.941263639521095001e+02
-3.918051833547450542e+02
-3.860502898574569031e+02
-3.874773761355571082e+02
-4.012792680826487413e+02
-3.832211097742696211e+02
-3.894719352215046797e+02
-3.874280887328754943e+02
-3.966088115059628194e+02
-3.872359693772770015e+02
-3.884273444663755299e+02
-3.761977106261975905e+02
-3.795229883229802113e+02
-3.795403168407032126e+02
-3.945027980790733864e+02
-3.872060842098715057e+02
-3.855901741927282274e+02
-3.895797143767914577e+02
-3.830039606726171542e+02
-3.780161319017784081e+02
-3.843076746075090000e+02
-3.905765800290485004e+02
-3.805489391094550911e+02
-3.882724815679872563e+02
-3.908382043030136401e+02
-3.807236559291940807e+02
-3.942307284311220883e+02
-3.853318493380678547e+02
-3.985644331090689434e+02
-3.994286772671051722e+02
-3.978767052840682936e+02
-4.029195438554455109e+02
-3.896988583575175085e+02
-3.941198498399774053e+02
-3.949429282832433614e+02
-3.796456180598778474e+02
-3.872693162580445687e+02
-3.944878581782492688e+02
-3.877503946492847717e+02
-4.018507035983179208e+02
-3.923771544036573005e+02
-3.935740348589361020e+02
-3.873377984492474297e+02
-3.886406833351189789e+02
-3.889896350845029929e+02
-3.861383800975353893e+02
-3.918345208808965481e+02
-3.933952310927862754e+02
-3.830917950859465577e+02
-3.917229331053860619e+02
-3.825480989729790053e+02
-3.915444020912296423e+02
-3.850659729645125253e+02
-3.966095391072171878e+02
-3.858441100702899575e+02
-3.878309844418018315e+02
-3.807737683432528684e+02
-3.929356977831633913e+02
-3.980471592614231895e+02
-3.902106867393307539e+02
-3.953634817677757383e+02
-3.857301481165949326e+02
-3.955970940806345766e+02
-3.873037745066563389e+02
-3.814834314042539063e+02
-3.846687857718618488e+02
-3.848836305963976656e+02
-3.904258738812992533e+02
-3.883046185213205490e+02
-3.807649088536902582e+02
-4.017091008297912254e+02
-3.840984074245006354e+02
-3.985160652707370446e+02
-3.890851834225921948e+02
-3.866314997419126485e+02
-3.961995355542592847e+02
-3.791170556010895325e+02
-3.818084729287567143e+02
-3.942518313673482453e+02
-3.907965150303614905e+02
-3.817042546923855753e+02
-3.891484548960996790e+02
-3.922599310960264347e+02
-3.842493705790564036e+02
-3.944221426544985434e+02
-3.897233269604672046e+02
-3.852645212401278627e+02
-3.831728297291491572e+02
-3.773922160048856540e+02
-3.936320675465327668e+02
-3.876400662583891972e+02
-3.848211002823185254e+02
-3.861043136998826526e+02
-4.004312675092341465e+02
-3.854014063043964597e+02
-3.975684063937170549e+02
-3.904236539915900721e+02
-3.985979835519123640e+02
-3.901192683850132994e+02
-4.103988418688971933e+02
-3.930881753812437296e+02
-3.862868918989058784e+02
-3.891249693300112540e+02
-3.889009140983031330e+02
-3.993006504087425128e+02
-3.874282120529206850e+02
-3.827236056145717953e+02
-3.901248437126317867e+02
-3.932191910567534023e+02
-3.928375220046793856e+02
-3.832423119372241445e+02
-3.778443312387984747e+02
-3.840757926776893783e+02
-3.915123391442843968e+02
-3.874033144322814337e+02
-3.796697540160666904e+02
-3.841365170873343118e+02
-3.916262494965440624e+02
-3.915708994477746501e+02
-3.842027816805684779e+02
-3.951071125565566717e+02
-3.763619064715139757e+02
-3.852602716699558982e+02
-3.929167652150628669e+02
-3.963051862084756749e+02
-3.873555489861005867e+02
-3.789314050638909634e+02
-3.791280613593262387e+02
-3.888942564931355150e+02
-3.773318494047048262e+02
-3.845299005571951056e+02
-3.929925717272178076e+02
-3.980756008467106426e+02
-3.847569564367019552e+02
-3.871867101489551715e+02
-3.815156807266406531e+02
-3.747312025837414922e+02
-3.801300373101059904e+02
-3.835488929079346008e+02
-3.927355314716435259e+02
-3.963582456464812367e+02
-3.769560258683874849e+02
-3.917379946904228518e+02
-3.781705546699812430e+02
-3.924758257379200472e+02
-3.845375349427476976e+02
-4.027674395716093159e+02
-3.832511454685875378e+02
-3.926789104857919597e+02
-4.001482641911880478e+02
-3.979276955672586382e+02
-3.832605678413944474e+02
-3.777063349723847523e+02
-3.979231277669683777e+02
-3.890589579528909780e+02
-3.957825432307727738e+02
-3.759516682897710780e+02
-3.926439479658159257e+02
-4.031053885652961526e+02
-4.056388912504218069e+02
-3.837116384637694182e+02
-3.939691635103548606e+02
-3.815730235573247455e+02
-3.822818332989376131e+02
-3.837429648616527516e+02
-4.013460692402586574e+02
-3.861836316558981252e+02
-4.029222519943634211e+02
-3.881020883032020379e+02
-3.918962364417014896e+02
-3.946647550856715725e+02
-3.851331012296871563e+02
-3.844362059526037001e+02
-3.865880703968936132e+02
-3.827470202990871257e+02
-3.947687359557177160e+02
-3.891605261930183701e+02
-3.839591459018373598e+02
-3.886235105728435428e+02
-3.836898594704082370e+02
-3.826440623227106812e+02
-3.820085795617160898e+02
-3.907095625702064581e+02
-3.856360894842986227e+02
-3.874606463917803580e+02
-3.839432881179559445e+02
-3.900722289754080521e+02
-3.798511021707057580e+02
-3.798332826674504759e+02
-4.027188244957283700e+02
-3.925592752482053811e+02
-3.866430782110821838e+02
-3.916760295166367882e+02
-3.902504388772582047e+02
-3.828202775053657092e+02
-3.966058965069242390e+02
-4.005595792818522227e+02
-3.754421092626196241e+02
-3.989828381599014619e+02
-3.922830458734843546e+02
-3.817436600122549635e+02
-3.887255157020985052e+02
-3.982414447928284744e+02
-3.815204554152563219e+02
-3.987798717529796022e+02
-3.866028033649542408e+02
-3.974121234879903000e+02
-3.818214058189738580e+02
-3.901478785844363983e+02
-3.896441008826422490e+02
-3.904714555835857936e+02
-3.939863900443343709e+02
-3.933437008398939270e+02
-3.929073690222767254e+02
-3.908815324431364502e+02
-3.882708094340985099e+02
-3.826437871122909655e+02
-3.938110399387934990e+02
-3.856929054058297766e+02
-3.940497591377956041e+02
-3.915026164624664489e+02
-3.864420799803430100e+02
-3.943863455969233200e+02
-3.840738313384356957e+02
-3.771056184679580383e+02
-4.005323430536842579e+02
-3.954159082210602492e+02
-3.933992690207977034e+02
-3.924538277189220707e+02
-3.840723940047632823e+02
-3.922925062759991874e+02
-3.905784512730025995e+02
-3.887499768678046621e+02
-4.103132959251776697e+02
-3.904942386940101642e+02
-3.945476052011246111e+02
-3.994229536616180667e+02
-3.921458283942781122e+02
-3.900162996373931037e+02
-3.951707403757061456e+02
-3.946140854189231959e+02
-3.988937727188999247e+02
-3.827092965473961499e+02
-3.793877210635998836e+02
-3.803342032419270708e+02
-3.906171962573019414e+02
-3.845030553763379544e+02
-4.015274028988362716e+02
-3.954693233597918152e+02
-3.842463233142303807e+02
-3.902801841741722910e+02
-3.871042542196978502e+02
-3.892064907684999753e+02
-3.875571244105815936e+02
-3.966059315292809515e+02
-3.846729681824154454e+02
-3.887694655372649777e+02
-3.880635023966502786e+02
-3.833856012611459505e+02
-3.867897127496346457e+02
-3.883565621912910046e+02
-3.844094060256189778e+02
-3.888286000967769951e+02
-3.971406599016507357e+02
-4.081827398126367825e+02
-3.832247270476620997e+02
-3.855457954608617683e+02
-3.755469748695078351e+02
-3.881360030334217299e+02
-4.002236740926994116e+02
-3.912127441140523842e+02
-3.919660289346022637e+02
-4.135395073663191852e+02
-3.852733014375294260e+02
-3.759842209511986653e+02
-3.842435143543007143e+02
-3.885618012568388622e+02
-3.909305792466948333e+02
-3.842921839457045508e+02
-3.951337707509518395e+02
-3.924586916533675662e+02
-3.827371411696752830e+02
-3.895971526920786800e+02
-3.904389261310386132e+02
-3.928245834384194950e+02
-3.859750358196722573e+02
-3.872827439258962272e+02
-4.079816409650561582e+02
-3.968572472202679933e+02
-3.894073355879246492e+02
-3.773145253763162827e+02
-3.984011135919638491e+02
-4.019125076639261351e+02
-3.840889731549902422e+02
-3.900907976813222149e+02
-3.880919040113820984e+02
-3.824332980953984134e+02
-3.969104547157888874e+02
-3.848016307067491084e+02
-3.909745527522078987e+02
-3.906751120688851415e+02
-3.893768169476051071e+02
-4.010787163753984714e+02
-3.882623327211762216e+02
-3.898129431393541608e+02
-3.902971953895161619e+02
-3.808486530311038223e+02
-3.841620039392028616e+02
-3.922769803561413369e+02
-3.974657491131295046e+02
-3.963083628399699592e+02
-3.908481359312701215e+02
-3.918518641851162556e+02
-3.897809796656745789e+02
-3.903374211086609762e+02
-3.841421172057446256e+02
-4.110626412448152109e+02
-3.907224560057510416e+02
-3.866892382675863473e+02
-3.868345119277983031e+02
-3.984919284799437946e+02
-3.800059288551539680e+02
-3.893843065668435202e+02
-3.808080777760657156e+02
-4.099934634284493313e+02
-3.859520972549229327e+02
-3.885685313528471170e+02
-3.866106056350059816e+02
-3.833687582875320459e+02
-3.873228364709985385e+02
-3.872716437700347569e+02
-3.818783360165331260e+02
-3.924152739600618247e+02
-3.935763208006726472e+02
-3.949468022173957706e+02
-3.955046257304491633e+02
-3.817212743922357845e+02
-3.887192630079117066e+02
-3.888088221433457079e+02
-3.942951982021106687e+02
-3.706580685627283742e+02
-3.814836956361759803e+02
-3.954213716895660582e+02
-3.885806172161988457e+02
-3.886646153584663921e+02
-3.860139501706760257e+02
-3.885162101289540715e+02
-3.914043307499065918e+02
-3.812650982241564179e+02
-3.891040242045306741e+02
-3.929358371952648099e+02
-3.897174978798219627e+02
-3.931009973848491086e+02
-3.868193980447372837e+02
-3.880077601050858220e+02
-3.824432661497194204e+02
-3.964195717574755236e+02
-3.839277458171759463e+02
-3.982558545438806732e+02
-3.856903855220768946e+02
-3.864674450629880766e+02
-3.882264741094960527e+02
-3.979853820055994902e+02
-3.769375733575496383e+02
-3.853674454936640359e+02
-4.088661999490248604e+02
-3.840706164181161739e+02
-3.848399064819505497e+02
-3.893821393409062921e+02
-3.964404899636966775e+02
-3.863181188220419813e+02
-3.840199645463417824e+02
-3.832018862041412604e+02
-3.882691443355632828e+02
-3.899779901372460245e+02
-4.012971322128942120e+02
-4.009266714322531016e+02
-3.882364000897949836e+02
-3.917424916917881319e+02
-3.951117197891327919e+02
-3.885267999863646082e+02
-3.868525884159038242e+02
-3.797117630226878191e+02
-3.938466210198228055e+02
-3.935066057111686177e+02
-3.986507648732916209e+02
-3.810112712323915503e+02
-3.867935837855116006e+02
-3.994127567380315895e+02
-3.874628802705441331e+02
-3.884594734378176781e+02
-3.795094557938283515e+02
-3.873150205746434267e+02
-3.880217810101333953e+02
-3.862961395528922139e+02
-3.832474761459718593e+02
-3.930333026796681679e+02
-3.988049044889797869e+02
-3.792882876620159323e+02
-3.878551358780487135e+02
-4.058414732005267069e+02
-3.856728681346994563e+02
-3.778111682526977120e+02
-3.833041002545654692e+02
-3.782919648340181311e+02
-3.842172544614965091e+02
-3.961075134365520398e+02
-3.925384315123302486e+02
-3.969967070873529451e+02
-3.853718810318917463e+02
-3.876741372306036624e+02
-3.889916807429410710e+02
-3.872145186898338238e+02
-3.794856536100866151e+02
-4.007292245566584370e+02
-3.791937771509146842e+02
-3.881300258393277431e+02
-3.868500716280834695e+02
-3.834750358677168833e+02
-3.901592651780858318e+02
-3.806606498621257515e+02
-3.870380757386666346e+02
-3.874384503938680950e+02
-3.868326946792648187e+02
-3.936880155717682328e+02
-3.835481424004705673e+02
-3.871665721698379912e+02
-3.814642765333035186e+02
-3.935050418963019183e+02
-3.900837708794545620e+02
-3.845246020304693957e+02
-3.956911932170802402e+02
-3.966286442314238343e+02
-3.882208924962982337e+02
-3.773713430369346042e+02
-3.761183609617910975e+02
-3.852465661712787437e+02
-3.977449310102664981e+02
-3.790365206452152051e+02
-3.975580959300596646e+02
-3.864793227727529938e+02
-3.889118478227820788e+02
-3.798798466006830949e+02
-3.977699649626978271e+02
-3.918008781049666140e+02
-4.096177391525479834e+02
-3.818690638863317872e+02
-3.853910655711256368e+02
-4.065056989880820879e+02
-4.001854960943708761e+02
-3.944628980438179724e+02
-3.858819696085603255e+02
-3.966969882258858888e+02
-3.901512202122761437e+02
-3.970544662605256576e+02
-4.004088623823206490e+02
-4.036121856899034697e+02
-3.849681073254272974e+02
-3.931932637852601147e+02
-3.879563560479568878e+02
-3.892526617983559163e+02
-3.836474083024899073e+02
-3.878043035504200020e+02
-3.947791815635880539e+02
-3.927023320241610804e+02
-3.835267700144743230e+02
-3.735437842789970659e+02
-3.895766414781923004e+02
-4.058826191937905605e+02
-3.918494561770996256e+02
-4.018577976835912295e+02
-3.896512426026525873e+02
-3.904343981285824157e+02
-3.937195339926984161e+02
-3.887934568904179287e+02
-3.940091543461072661e+02
-3.848422488331408431e+02
-3.886265465019098428e+02
-3.795895092679984373e+02
-3.850877980079803820e+02
-3.842180753521903398e+02
-3.947649163314499674e+02
-3.967708417377447745e+02
-3.834492670177560854e+02
-3.884617127725726959e+02
-3.822938882841698955e+02
-3.833109687697550498e+02
-3.916339039527804289e+02
-3.910588817972615061e+02
-3.864061184062869074e+02
-3.839762651386641323e+02
-3.894204993637251846e+02
-3.800618671925036551e+02
-3.946543324797048626e+02
-3.901651941633574552e+02
-3.982431480556520000e+02
-3.983643164183303043e+02
-3.782929143041668567e+02
-4.079043671272848428e+02
-3.918349151749631005e+02
-3.864946985462527209e+02
-3.992655769993617128e+02
-3.874395697629533970e+02
-3.873633550168946158e+02
-3.893245540580317083e+02
-3.961741610797743647e+02
-3.881958473019125222e+02
-3.807985186681848973e+02
-3.899056149233621227e+02
-3.991200050039908547e+02
-3.904127685087731834e+02
-3.970377827813874774e+02
-3.871173764059218456e+02
-3.860901984910915417e+02
-3.809765016880235748e+02
-3.862416007875556829e+02
-3.894290679888475211e+02
-3.961800176125035478e+02
-3.782801386387151297e+02
-3.893416425740520026e+02
-3.885336892580540393e+02
-4.065672388386236662e+02
-3.990916320122751699e+02
-3.885370786990163197e+02
-3.785727081781075185e+02
-3.933175010912440257e+02
-3.921237991835853336e+02
-3.898540125714412170e+02
-3.880704895495679239e+02
-3.954832976175268300e+02
-3.925916686068633226e+02
-3.933279664888308389e+02
-3.878996178169974201e+02
-3.799060632659231942e+02
-3.820316395541096313e+02
-3.951410265280165959e+02
-3.782017312106178224e+02
-3.784538573355026188e+02
-3.968298667580397705e+02
