Model: lognorm
Real logL: -134.88914362202058
Mean sim logL: -162.43659092736914
Std sim logL: 11.708216571116326
Delta TS: 27.547447305348555
Significance: 2.352830351063623 sigma
TS_sim array:
-1.773616687714869897e+02
-1.551444818106314756e+02
-1.641848117031466074e+02
-1.481834974201742909e+02
-1.740957306547366557e+02
-1.607979993480106486e+02
-1.612166500767143589e+02
-1.407298431240651553e+02
-1.742797778764032444e+02
-1.656174258920804050e+02
-1.398147752649511517e+02
-1.478677957139393868e+02
-1.371872922750937107e+02
-1.634761979580383411e+02
-1.694741216008467859e+02
-1.600378767909080580e+02
-1.685020305753266143e+02
-1.620303856343707025e+02
-1.464766407141471518e+02
-1.796082526875238159e+02
-1.599667261737059221e+02
-1.780546179432166412e+02
-1.548628436387358249e+02
-1.573139117178848210e+02
-1.637939395446629760e+02
-1.744632976509205662e+02
-1.715325749577793886e+02
-1.563807032998327600e+02
-1.823829684346469264e+02
-1.494943705333917308e+02
-1.760949467170140110e+02
-1.636868672959509752e+02
-1.814433196972593407e+02
-1.491598587818269550e+02
-1.617859745596863661e+02
-1.508536474382354697e+02
-1.375246768080445463e+02
-1.570881918139742481e+02
-1.476513048637433201e+02
-1.513039928438351467e+02
-1.632078795002846903e+02
-1.596516752531880172e+02
-1.731587947083374956e+02
-1.534627347971459983e+02
-1.633578137657343632e+02
-1.750054404046973104e+02
-1.563659910514759872e+02
-1.615920441675858115e+02
-1.730521362597698385e+02
-1.618105452197654870e+02
-1.577644776680432699e+02
-1.723773756499553258e+02
-1.609178185256419624e+02
-1.685360887246555137e+02
-1.826238062880317159e+02
-1.740827145217624263e+02
-1.570686442156793987e+02
-1.429009799766901949e+02
-1.646207086027489481e+02
-1.466702625200230727e+02
-1.399671639014856908e+02
-1.674324140237226857e+02
-1.567277600674309497e+02
-1.618460859445535220e+02
-1.642823060069650865e+02
-1.642731177608714859e+02
-1.740100430164648060e+02
-1.608792328728056304e+02
-1.531509609546936588e+02
-1.497971474014606201e+02
-1.352707982576627330e+02
-1.458863107144091487e+02
-1.875929797263222270e+02
-1.736316540693132993e+02
-1.473556475742400949e+02
-1.646066466045921288e+02
-1.633283684960754556e+02
-1.636021091677065726e+02
-1.600089284098228859e+02
-1.575630884141422428e+02
-1.535997499421760324e+02
-1.544150960263232832e+02
-1.857551042982659339e+02
-1.719899272452789774e+02
-1.673613049168287432e+02
-1.776711999077289761e+02
-1.915605575788575266e+02
-1.668668897224369800e+02
-1.751877948038194859e+02
-1.513582180803737174e+02
-1.678154428959386735e+02
-1.676574517578248162e+02
-1.688283234652146518e+02
-1.616390817852093846e+02
-1.662832247101051735e+02
-1.651962442384318592e+02
-1.702724864901207695e+02
-1.600545481058272230e+02
-1.631234107107547118e+02
-1.766563502424983767e+02
