Model: gaussian
Real logL: -194.06875293864374
Mean sim logL: -142.04226326832998
Std sim logL: 7.93578283113382
Delta TS: -52.026489670313765
Significance: -6.555936670318448 sigma
TS_sim array:
-1.356095757691732331e+02
-1.456090316780780256e+02
-1.492510891440141449e+02
-1.341148564366017126e+02
-1.356228339813445984e+02
-1.356370596853575421e+02
-1.419307031424013985e+02
-1.423062440509585542e+02
-1.297376545258051692e+02
-1.353407427108879801e+02
-1.433394075738765423e+02
-1.383801535022476514e+02
-1.296443515448935386e+02
-1.446332763108078723e+02
-1.373642126234892089e+02
-1.367833621613415858e+02
-1.456313699263887145e+02
-1.355335472161974337e+02
-1.520476257028012412e+02
-1.485084854380346258e+02
-1.634318460441738523e+02
-1.544076552720664495e+02
-1.367402650431881455e+02
-1.375973872797589195e+02
-1.372853451185737015e+02
-1.383041730966901923e+02
-1.477781315792105374e+02
-1.553528806065324375e+02
-1.491265350093966049e+02
-1.439276363955850400e+02
-1.411452716466666573e+02
-1.523463669909265832e+02
-1.434430103911955428e+02
-1.448359075842729737e+02
-1.329080126283968468e+02
-1.484284243924529392e+02
-1.398099101644051814e+02
-1.419563545366213191e+02
-1.579572349334492003e+02
-1.383963878885714109e+02
-1.329725275263878643e+02
-1.369424977424478982e+02
-1.575974120109786156e+02
-1.488372298111236205e+02
-1.362383857049745757e+02
-1.580664058909981975e+02
-1.306281959140664526e+02
-1.330336583927404774e+02
-1.389930375257948754e+02
-1.425945613419066547e+02
-1.413279000916805330e+02
-1.311158087605485036e+02
-1.371476168691941666e+02
-1.464189702674557338e+02
-1.387817065863756056e+02
-1.484863329820114188e+02
-1.432539376214486424e+02
-1.565062521055928073e+02
-1.362541075314288719e+02
-1.491940454067198516e+02
-1.349457864522405259e+02
-1.335182981935405451e+02
-1.413447606630186044e+02
-1.318476364294125176e+02
-1.321366019874672588e+02
-1.349650541373689521e+02
-1.385473419664800190e+02
-1.436347093123913226e+02
-1.586344470150105792e+02
-1.549151414164869607e+02
-1.392449452196159427e+02
-1.461302405944980762e+02
-1.379648282528878269e+02
-1.417368910971464686e+02
-1.402596388582747124e+02
-1.471156019612803618e+02
-1.359876951747930036e+02
-1.278417226193930247e+02
-1.537101229764312222e+02
-1.449784946796312397e+02
-1.226994779211293434e+02
-1.468725383807478693e+02
-1.494507431987879329e+02
-1.468529048691734999e+02
-1.399404129391571701e+02
-1.423459397307424013e+02
-1.360228260571269061e+02
-1.302017837519496766e+02
-1.429705837388110012e+02
-1.490186594610768793e+02
-1.364502168110373077e+02
-1.436866073714969900e+02
-1.399525140824615619e+02
-1.354973712117043760e+02
-1.427315116383111615e+02
-1.470480168596610042e+02
-1.575177386696517772e+02
-1.442194179188045382e+02
-1.522587934909975047e+02
-1.324333999120898397e+02
