Model: lognorm
Real logL: -300.05985166243306
Mean sim logL: -361.1390024900738
Std sim logL: 6.404487286274648
Delta TS: 61.07915082764072
Significance: 9.536930607784708 sigma
TS_sim array:
-3.735276102083957994e+02
-3.655315643069800444e+02
-3.656191265208290702e+02
-3.554539251890217315e+02
-3.600896119365543200e+02
-3.634896350489750603e+02
-3.599778586746709266e+02
-3.561844675124269202e+02
-3.574788743194757217e+02
-3.491264272742951107e+02
-3.669073582863503589e+02
-3.680247832323846069e+02
-3.611305501406906160e+02
-3.658421056268222173e+02
-3.525838516801758260e+02
-3.675364371687574021e+02
-3.592766265029759438e+02
-3.654094368340025767e+02
-3.697633695818528849e+02
-3.591661098342092373e+02
-3.541851672146740384e+02
-3.616832219646938711e+02
-3.546405686739416296e+02
-3.556951282299393142e+02
-3.631568348282057741e+02
-3.575149829588339685e+02
-3.640503300032378320e+02
-3.767610811118201468e+02
-3.671453718293284965e+02
-3.582860172863528305e+02
-3.553588596045603936e+02
-3.612382131288305231e+02
-3.718375764958223044e+02
-3.513185095430749243e+02
-3.608512282574166647e+02
-3.540057257872380774e+02
-3.661157721849361906e+02
-3.498754091923197507e+02
-3.657741166757038513e+02
-3.437058572460013011e+02
-3.502562028844712927e+02
-3.622672990070473134e+02
-3.607884874649506628e+02
-3.627227680666752576e+02
-3.624478355508168761e+02
-3.605780131345767359e+02
-3.622020918034871215e+02
-3.570307396101918584e+02
-3.545852295278536417e+02
-3.514148111094983733e+02
-3.557688017215737659e+02
-3.557317394436062159e+02
-3.587994519965596396e+02
-3.643828375967924558e+02
-3.674727314268781697e+02
-3.634815070680712665e+02
-3.617802670802000193e+02
-3.580260564750584535e+02
-3.774620441511825675e+02
-3.617792627390040252e+02
-3.576205054329782911e+02
-3.675181225129036306e+02
-3.620579615217052947e+02
-3.757788042681902425e+02
-3.706285600342018256e+02
-3.617451445126523026e+02
-3.691021063152056740e+02
-3.626576550876435476e+02
-3.644989473732777014e+02
-3.640589568967445189e+02
-3.701374672772445820e+02
-3.642946504701421873e+02
-3.531161732631014729e+02
-3.589039805147531297e+02
-3.665925438330235693e+02
-3.580919871233379581e+02
-3.507220569177036964e+02
-3.640483417407245952e+02
-3.517100983490394697e+02
-3.688706949058223472e+02
-3.662971621403543736e+02
-3.692394428688839980e+02
-3.581482219996692606e+02
-3.634697844095616119e+02
-3.627396548428214942e+02
-3.478875107464886582e+02
-3.569293396118815735e+02
-3.675533351617517610e+02
-3.656835427762305244e+02
-3.642937735403342572e+02
-3.626835864691287838e+02
-3.687275015411489676e+02
-3.535693136786315449e+02
-3.657896102371529423e+02
-3.595455183168979829e+02
-3.701589530235177108e+02
-3.575322595639321435e+02
-3.586942467113979092e+02
-3.554936167538313612e+02
-3.561578360031735428e+02
-3.512745378398125808e+02
-3.578509719686405788e+02
-3.603429697492099422e+02
-3.642019522728565448e+02
-3.607792701382429073e+02
-3.552602156094510519e+02
-3.624347190930766374e+02
-3.637300110348230646e+02
-3.718583642323931144e+02
-3.565679565238968962e+02
-3.679669137761763977e+02
-3.574614524407973022e+02
-3.681710458029841675e+02
-3.655398799598655160e+02
-3.491703745429251171e+02
-3.592578799662850315e+02
-3.665595150394019583e+02
-3.640742532256393247e+02
-3.549205988588483933e+02
-3.647838601801443019e+02
-3.560059596655725045e+02
-3.647920165506769763e+02
-3.666223919623388952e+02
-3.581987696922240048e+02
-3.491431895306776596e+02
-3.538616961339282625e+02
-3.600138262403232829e+02
-3.662143156625443225e+02
-3.583462855873751778e+02
-3.607822342750200733e+02
-3.600314064946892358e+02
-3.707000560197056416e+02
-3.560059576138812076e+02
-3.709619990426463119e+02
-3.572862867125085131e+02
-3.577701498000075162e+02
-3.493649917696328657e+02
-3.476216600438843329e+02
-3.614511601710514697e+02
-3.619449895274369737e+02
-3.629165954599209272e+02
-3.632696152861217911e+02
-3.673263289151984168e+02
-3.625216101296100533e+02
-3.557043641486238812e+02
-3.581670996747762956e+02
-3.567382551156046020e+02
-3.602416801773933912e+02
-3.668876755641691716e+02
-3.616003454369668475e+02
-3.607597105117279170e+02
-3.563175542136747822e+02
-3.569420948222060588e+02
-3.593986744425944835e+02
-3.637035513459372282e+02
-3.611117908885681800e+02
-3.658013238289823903e+02
-3.662964379166701860e+02
-3.548852852382601668e+02
-3.534582980616883106e+02
-3.632769964983413047e+02
-3.517709840215366626e+02
-3.584866227656474393e+02
-3.539822709457341148e+02
-3.737624222893867909e+02
-3.557452113383183132e+02
-3.659273591825507310e+02
-3.610940213248090913e+02
-3.620685277409668288e+02
-3.607690455796262654e+02
-3.601657281239972690e+02
-3.559670741426793938e+02
-3.640322388880836115e+02
-3.600771552316674615e+02
-3.762784308213629743e+02
-3.534689232198680315e+02
-3.791830138847379885e+02
-3.556529195653556030e+02
-3.629649328130840331e+02
-3.589899036624934752e+02
-3.683522679555828745e+02
-3.608217749824609086e+02
-3.667140537055375944e+02
-3.667462601857022833e+02
-3.624663137022513411e+02
-3.585756284531053097e+02
-3.677681752704380642e+02
-3.560844258828391844e+02
-3.626692238155231962e+02
-3.677410080324862065e+02
-3.730028628303916776e+02
-3.638094326030760612e+02
-3.737291686048596944e+02
-3.595477709128589368e+02
-3.633278592682671615e+02
-3.682942179562932097e+02
-3.591919592736676350e+02
-3.588779579801395130e+02
-3.605045773965454714e+02
-3.635928112271890313e+02
-3.630673486401633454e+02
-3.625619155369587361e+02
-3.584318697250017181e+02
-3.583881145916702735e+02
-3.702914481514478666e+02
-3.604035075506550356e+02
-3.641805383731625056e+02
-3.546530665824764696e+02
-3.563560695884649476e+02
-3.504728226850774035e+02
-3.591466262424766001e+02
-3.646576817240795663e+02
-3.645419140173654569e+02
-3.668178906976926328e+02
-3.641226323298799343e+02
-3.646800536643157784e+02
-3.485257956374446167e+02
-3.604838227576797181e+02
-3.636982187305704883e+02
-3.593596968444788899e+02
-3.669705863636198728e+02
-3.609657148469832464e+02
-3.659967835190857386e+02
-3.574978826874254878e+02
-3.541841835793799191e+02
-3.610961325863710272e+02
-3.594252273656430248e+02
-3.611346235944346859e+02
-3.506480196362334141e+02
-3.471415113599992992e+02
-3.633126834465844013e+02
-3.623216403754432804e+02
-3.538685042890547265e+02
-3.663005089784803090e+02
-3.556126004478651339e+02
-3.514008272773349404e+02
-3.577252651269966464e+02
-3.700520673996182950e+02
-3.501531352869963598e+02
-3.657095277326240534e+02
-3.524113783386296745e+02
-3.539917135788356291e+02
-3.723153733155419332e+02
-3.593534591354505210e+02
-3.591318576308681827e+02
-3.467402044988182297e+02
-3.655016955649153942e+02
-3.575347553783939816e+02
-3.568714777165594683e+02
-3.493297170639517049e+02
-3.633241418131811997e+02
-3.587109484065069296e+02
-3.553952672533339410e+02
-3.543163351899064537e+02
-3.659089518770053928e+02
-3.681739808341012008e+02
-3.531170395702569067e+02
-3.598335638612339835e+02
-3.575615714914273440e+02
-3.626560771192626476e+02
-3.629065956529472601e+02
-3.556260285707598996e+02
-3.570897305577220777e+02
-3.604922990493064390e+02
-3.840703162259878809e+02
-3.624993472515559461e+02
-3.665389965331954727e+02
-3.647070471131855243e+02
-3.627082462812335280e+02
-3.552464072660247894e+02
-3.679849691349933209e+02
-3.620431434960992192e+02
-3.467756584968147990e+02
-3.527140306163117316e+02
-3.686297354342282233e+02
-3.612668678481034021e+02
-3.542565963832229272e+02
-3.660409200834079684e+02
-3.602302848720516977e+02
-3.739227102235598750e+02
-3.561851157644383079e+02
-3.668082726729469414e+02
-3.631091995223570166e+02
-3.637296370156166176e+02
-3.594165155019370559e+02
-3.571728570103645666e+02
-3.723311407871590291e+02
-3.510122803817386057e+02
-3.663086674630676498e+02
-3.603481568820907341e+02
-3.511574394033584667e+02
-3.702594362777026049e+02
-3.540778943764459541e+02
-3.547886268830892504e+02
-3.571071277182036852e+02
-3.485597627535609604e+02
-3.614120697904646136e+02
-3.558609428694245480e+02
-3.698793961038014686e+02
-3.675394819289679731e+02
-3.604988593188356845e+02
-3.602360395415124685e+02
-3.660579376988402487e+02
-3.549656185364189014e+02
-3.599078925242196192e+02
-3.608266339248472150e+02
-3.699331215109226605e+02
-3.573333115874293071e+02
-3.555062889301105997e+02
-3.501073353350020625e+02
-3.655827589245323566e+02
-3.679694923352562341e+02
-3.577490101937776217e+02
-3.673640036200879990e+02
-3.526447469604105436e+02
-3.697103707750085277e+02
-3.609222655166006462e+02
-3.585048504108112866e+02
-3.654599932082277292e+02
-3.486849736520786109e+02
-3.501889718399780804e+02
-3.666718336670829785e+02
-3.569034825332039418e+02
-3.558621328024582908e+02
-3.642220701601314090e+02
-3.641341186742812965e+02
-3.567502563816705674e+02
-3.589658459822028362e+02
-3.590282553149735350e+02
-3.510459985749138809e+02
-3.604223903840552339e+02
-3.643573599673611056e+02
-3.639487455450865241e+02
-3.748029010104913255e+02
-3.502324701329167738e+02
-3.538350099515818101e+02
-3.606731998945983833e+02
-3.633548571531132438e+02
-3.611291566158841988e+02
-3.535671731504008903e+02
-3.554265569872076185e+02
-3.637266421863633923e+02
-3.685007875149430561e+02
-3.567071499519194049e+02
-3.780047328361140444e+02
-3.514643733856316317e+02
-3.561756346427741846e+02
-3.706682159278967674e+02
-3.677233132260339517e+02
-3.629745536723388000e+02
-3.622021754375836053e+02
-3.616643576406976308e+02
-3.643903667276138094e+02
-3.591183485336891295e+02
-3.607695418085133383e+02
-3.428802738230364753e+02
-3.606147270976312029e+02
-3.603428742747900060e+02
-3.689433886264774287e+02
-3.558734013763899497e+02
-3.667946162799941021e+02
-3.612773580979767303e+02
-3.611259953304748365e+02
-3.501436476808631824e+02
-3.575394535996687182e+02
-3.533012993589418329e+02
-3.684936589757397769e+02
-3.602187938030081114e+02
-3.639208059329655498e+02
-3.525566694688297957e+02
-3.523055042105729058e+02
-3.606372676615762884e+02
-3.559347185957878992e+02
-3.630037501068636629e+02
-3.636617933188417169e+02
-3.615722192845892096e+02
-3.609460106789613860e+02
-3.762713124430970311e+02
-3.655819210650573723e+02
-3.496231391054217283e+02
-3.643956971663593549e+02
-3.582002853087109315e+02
-3.771912037989041551e+02
-3.617306050543274409e+02
-3.640293387743115545e+02
-3.761954375685332934e+02
-3.747297748065485621e+02
-3.581313086098434724e+02
-3.584130766594371380e+02
-3.561299543679368753e+02
-3.583087425313366339e+02
-3.610272506794472065e+02
-3.600778331559612297e+02
-3.681024180707902929e+02
-3.561260968460351819e+02
-3.587488297929264149e+02
-3.698417758191563962e+02
-3.646338604146877742e+02
-3.601140547061868347e+02
-3.707737084677577855e+02
-3.504549987393772881e+02
-3.539378780686566870e+02
-3.580244222473245372e+02
-3.686822033106240042e+02
-3.602526668968465628e+02
-3.622745689876059032e+02
-3.644076702202966089e+02
-3.697374625342338845e+02
-3.601803463736893605e+02
-3.622657137908162781e+02
-3.618419147890506338e+02
-3.732702615645812898e+02
-3.665198573013501573e+02
-3.583432941244673202e+02
-3.550932600466141480e+02
-3.536122288044872448e+02
-3.613354580079694642e+02
-3.593660816884099631e+02
-3.573841519903132848e+02
-3.438238590574471800e+02
-3.631243444068308008e+02
-3.626363315175383377e+02
-3.595213971562801589e+02
-3.622144699642688010e+02
-3.622541308300657192e+02
-3.701957421020167658e+02
-3.729230304942034309e+02
-3.539262625593933649e+02
-3.526438058290883646e+02
-3.546627095005032970e+02
-3.557190857291181487e+02
-3.668294388516954996e+02
-3.537602447537665284e+02
-3.592040789774600853e+02
-3.607100339309380388e+02
-3.630480994202697502e+02
-3.568757775983446550e+02
-3.637652031478847903e+02
-3.667304124499718228e+02
-3.474893163748045595e+02
-3.640020522117031305e+02
-3.539498346864617133e+02
-3.508643338609858802e+02
-3.703897079317131329e+02
-3.684962473351350241e+02
-3.594804704478738699e+02
-3.730151897707270336e+02
-3.765885126575809068e+02
-3.614980191025150589e+02
-3.547515413026427495e+02
-3.615876194230418150e+02
-3.619867754149322536e+02
-3.553481537493360634e+02
-3.633028447993568761e+02
-3.643117703198401500e+02
-3.533788129880583710e+02
-3.574134453271923348e+02
-3.589534408946763051e+02
-3.557458708453501686e+02
-3.653763401220431888e+02
-3.502957388741968998e+02
-3.678934915997004396e+02
-3.662079380242693105e+02
-3.621338394710855937e+02
-3.735065182313979903e+02
-3.649126048151159694e+02
-3.652105033842022408e+02
-3.615327462499805051e+02
-3.643358085514382765e+02
-3.622056600629123295e+02
-3.591698297720472510e+02
-3.591386538016929535e+02
-3.660284220000198729e+02
-3.576213298018778346e+02
-3.730045887479802786e+02
-3.580376185659306429e+02
-3.636426989836196526e+02
-3.618650197491679137e+02
-3.667468357864148629e+02
-3.560843777385719022e+02
-3.656907211328195899e+02
-3.707530059087412155e+02
-3.574841761737264960e+02
-3.515962813693487305e+02
-3.738094233961953137e+02
-3.545820750810365780e+02
-3.567062529343104984e+02
-3.619364043707632845e+02
-3.696754781939037002e+02
-3.672008931524454738e+02
-3.622227639004612456e+02
-3.623505078236524355e+02
-3.557374327129293761e+02
-3.732606879699076785e+02
-3.506374710033574047e+02
-3.596340724276963101e+02
-3.634728572887848941e+02
-3.494916211423417280e+02
-3.517238422252359555e+02
-3.603274245157782047e+02
-3.676862931751524570e+02
-3.549173756671853539e+02
-3.588666099246964905e+02
-3.650916914086349152e+02
-3.512930688779823640e+02
-3.646249625887893444e+02
-3.588021899104952581e+02
-3.502060286353745369e+02
-3.593458023319936956e+02
-3.687159053902986443e+02
-3.658517821956331204e+02
-3.461250825369277209e+02
-3.534343325962689732e+02
-3.564228579993535959e+02
-3.599981281759920648e+02
-3.527383548954750836e+02
-3.550312674066616410e+02
-3.681143865350069859e+02
-3.564647183875356404e+02
-3.712923634736397389e+02
-3.657334882004472547e+02
-3.508207746239463631e+02
-3.587572484292659851e+02
-3.655383337748835970e+02
-3.516598374369910402e+02
-3.562016549505275975e+02
-3.590842948070297211e+02
-3.589280515502190951e+02
-3.725711845860270159e+02
-3.703301810877153457e+02
-3.492493543420622473e+02
-3.573516818515732894e+02
-3.496038617834989282e+02
-3.650919620747567933e+02
-3.596483226145493290e+02
-3.643597592709193691e+02
-3.773333431178052706e+02
-3.637007841674158612e+02
-3.673374437688184457e+02
-3.650084328949304791e+02
-3.584389738578276479e+02
-3.439880042990237143e+02
-3.640803173420126200e+02
-3.575701547208773263e+02
-3.607635190929998998e+02
-3.551803641097012587e+02
-3.721621210593616524e+02
-3.512639361428069833e+02
-3.498966808924736824e+02
-3.612893748112718981e+02
-3.594483208874719367e+02
-3.627446166444182154e+02
-3.622331370041470109e+02
-3.571676819673637056e+02
-3.566999162276313200e+02
-3.548088201373030870e+02
-3.714812466347050872e+02
-3.576082395065164974e+02
-3.671442808048040547e+02
-3.659578233451395590e+02
-3.554812300928306854e+02
-3.600108344209168081e+02
-3.639706022433843486e+02
-3.597535077006132269e+02
-3.687000630299241379e+02
-3.650151829929521909e+02
-3.578483371690493300e+02
-3.549601939934801180e+02
-3.654505883851818453e+02
-3.625512589862617574e+02
-3.626022945057710558e+02
-3.567438446001882539e+02
-3.560830402734695781e+02
-3.657904688220653497e+02
-3.654476580305926063e+02
-3.582543878661325039e+02
-3.606786882689025902e+02
-3.583398564298353222e+02
-3.629820978935753146e+02
-3.667805420459350785e+02
-3.661851387249791969e+02
-3.763801664170219965e+02
-3.637459217491091295e+02
-3.566255660535023253e+02
-3.646457343840459089e+02
-3.518557572159521669e+02
-3.584704037707160751e+02
-3.545838695386283916e+02
-3.611390279788456041e+02
-3.496055671744430811e+02
-3.721524964792453147e+02
-3.674326730118504543e+02
-3.498245173775079024e+02
-3.558141506718062601e+02
-3.591179735632520078e+02
-3.586422952365629158e+02
-3.610307250811849826e+02
-3.639273856047635718e+02
-3.567067120693327524e+02
-3.670044059860216521e+02
-3.680317500329474569e+02
-3.574239284812936717e+02
-3.581501524669253058e+02
-3.542272389652296170e+02
-3.594628946843214408e+02
-3.619969055321295173e+02
-3.707539981367010569e+02
-3.682800873844468015e+02
-3.616093549790128350e+02
-3.607782752013538357e+02
-3.557274864531798357e+02
-3.531623865335484993e+02
-3.603270071807619956e+02
-3.719017395708053755e+02
-3.554677218037053308e+02
-3.670583937489108166e+02
-3.546685441046680012e+02
-3.542918061788464001e+02
-3.653011005110575979e+02
-3.552560436728784907e+02
-3.590305948224079202e+02
-3.620955786049188418e+02
-3.557824028495290918e+02
-3.593195408428286441e+02
-3.540987149009480390e+02
-3.687265438576109773e+02
-3.639934736617420867e+02
-3.650400207225245026e+02
-3.675527846069065276e+02
-3.545764457026186847e+02
-3.547570282844219491e+02
-3.615688475289908865e+02
-3.626967182617992194e+02
-3.613366153992168393e+02
-3.599705646618735955e+02
-3.641369746498268114e+02
-3.615374304746799226e+02
-3.618392245687113018e+02
-3.595634223499709492e+02
-3.577048946552100688e+02
-3.563183896885032595e+02
-3.681097907654071264e+02
-3.739284781337464096e+02
-3.642189774721370554e+02
-3.729763778607240283e+02
-3.615323443279280582e+02
-3.730886094853353825e+02
-3.811605600228305093e+02
-3.531303235949040982e+02
-3.554252617054842744e+02
-3.719750334984754545e+02
-3.623629270385114864e+02
-3.677904773963334151e+02
-3.650033855917776009e+02
-3.744634334169398358e+02
-3.710502064446228587e+02
-3.587743011163858569e+02
-3.593736757056834676e+02
-3.614141592346282437e+02
-3.591815220315896227e+02
-3.626125945913596524e+02
-3.591164016710599185e+02
-3.624481369508620219e+02
-3.525699994101382799e+02
-3.546826549136490030e+02
-3.554594991419146481e+02
-3.537345243792539122e+02
-3.523493026023939478e+02
-3.667767800845190322e+02
-3.649535456746945670e+02
-3.536215217353060325e+02
-3.632548224265012209e+02
-3.619313228580008399e+02
-3.572641348424149896e+02
-3.582579941682841991e+02
-3.526960800393170530e+02
-3.613019464446726943e+02
-3.622371606418759029e+02
-3.511049077554237101e+02
-3.544977652608348535e+02
-3.578126623023346724e+02
-3.587170605505376670e+02
-3.617523546352654193e+02
-3.657975502265019827e+02
-3.576014136363937723e+02
-3.560109178170832251e+02
-3.619335462513885204e+02
-3.613472711939563169e+02
-3.596114814210876034e+02
-3.556756696034632910e+02
-3.631280728149914125e+02
-3.543989814959870159e+02
-3.496475091033026956e+02
-3.551053596367710270e+02
-3.620298723646620829e+02
-3.500578685731815085e+02
-3.693417498530801026e+02
-3.735829618470809805e+02
-3.526616015724836188e+02
-3.598223964402250203e+02
-3.743128334772851531e+02
-3.567007773426561243e+02
-3.761560055283238171e+02
-3.564187687377047951e+02
-3.655771820878439371e+02
-3.582088503103320818e+02
-3.539017139045512295e+02
-3.656010753224265954e+02
-3.750801813777510461e+02
-3.511093565903801164e+02
-3.616122880048624211e+02
-3.693992638648161915e+02
-3.620305983670658065e+02
-3.581991018669342566e+02
-3.625928266153540562e+02
-3.655009024526369217e+02
-3.645003424816280244e+02
-3.589890931238824123e+02
-3.728191484035349390e+02
-3.632743546875531706e+02
-3.614196553770455012e+02
-3.481038915710659012e+02
-3.622200845060108918e+02
-3.748199596584646542e+02
-3.675931074721044070e+02
-3.641576854230630715e+02
-3.495563488780088051e+02
-3.657863452622231080e+02
-3.679263564468137133e+02
-3.646942215122439848e+02
-3.631795459440061791e+02
-3.587190332961896502e+02
-3.616478647714216663e+02
-3.729972916496950575e+02
-3.556439129563527786e+02
-3.648071475623369793e+02
-3.647576807954721971e+02
-3.767813817449841736e+02
-3.623157884250229586e+02
-3.557339438606006183e+02
-3.540474717315915996e+02
-3.660827841124228144e+02
-3.539591668447883421e+02
-3.546864488801588777e+02
-3.620325025877390885e+02
-3.640628584363222444e+02
-3.688067307226116327e+02
-3.662393829022538512e+02
-3.616839281392022940e+02
-3.670060830471782083e+02
-3.692782310286375491e+02
-3.532604877540255188e+02
-3.672954048596752159e+02
-3.533044249370911416e+02
-3.544091758238147918e+02
-3.640444943082523537e+02
-3.571272626690456491e+02
-3.654439122849087198e+02
-3.573847725345064532e+02
-3.583055716906421253e+02
-3.569936270605182926e+02
-3.524190359615130319e+02
-3.671625929907625050e+02
-3.515579035739625624e+02
-3.628894069283808221e+02
-3.627167405476942008e+02
-3.543490996838330034e+02
-3.619231937105481620e+02
-3.505691173666579061e+02
-3.625190919330368615e+02
-3.621622781963458237e+02
-3.654037894306682688e+02
-3.605168940679980096e+02
-3.565563692037281953e+02
-3.531887704033360933e+02
-3.579216327399800548e+02
-3.624328144819297677e+02
-3.508642382863957323e+02
-3.545964883622640400e+02
-3.638089610727495824e+02
-3.624857571173961333e+02
-3.657775633958154344e+02
-3.621408863073411339e+02
-3.603479306424321180e+02
-3.681317376057689330e+02
-3.716156820287365576e+02
-3.581173878720946959e+02
-3.576702899164250766e+02
-3.594788784778483546e+02
-3.655520561436208595e+02
-3.515271953074252451e+02
-3.517990750665611017e+02
-3.603324758686102314e+02
-3.603297834629132694e+02
-3.633894513923908107e+02
-3.650919974035164159e+02
-3.535861050236508163e+02
-3.662029183561656964e+02
-3.646511273557881623e+02
-3.582173354700321966e+02
-3.627185842959581805e+02
-3.646040767618662244e+02
-3.501550224069769683e+02
-3.617759792898216915e+02
-3.637115531131017292e+02
-3.581378940204678543e+02
-3.522323705239539322e+02
-3.615157755003942270e+02
-3.556782381811153755e+02
-3.635101763397084937e+02
-3.597496731311176177e+02
-3.580576226656187941e+02
-3.648287713597101174e+02
-3.618334812928762290e+02
-3.604400071649323536e+02
-3.658347497944137672e+02
-3.730126039885170712e+02
-3.587790297425659674e+02
-3.636290195914600645e+02
-3.592595608914850231e+02
-3.608676682905183384e+02
-3.534059722213766577e+02
-3.498154126503876000e+02
-3.684406854433646004e+02
-3.681918341695468939e+02
-3.601229908203342802e+02
-3.607252404470839338e+02
-3.632817598419205751e+02
-3.540951644782961694e+02
-3.550486560240700555e+02
-3.747399841340575222e+02
-3.611483558566894772e+02
-3.520264489530963488e+02
-3.592365470868178932e+02
-3.527355325861532265e+02
-3.739394250038026257e+02
-3.591020858535347884e+02
-3.641605482973796484e+02
-3.661303326259285313e+02
-3.595377950544891519e+02
-3.623284353095646111e+02
-3.588300044499545720e+02
-3.681154533209045212e+02
-3.739105816889627363e+02
-3.626727599532016484e+02
-3.645623588580879186e+02
-3.617585163719178922e+02
-3.635394688003624424e+02
-3.628114987335145543e+02
-3.615745486601301764e+02
-3.594074214630604729e+02
-3.751208508344481061e+02
-3.537033262266610336e+02
-3.570036197460282210e+02
-3.557135660426896493e+02
-3.638239969326492655e+02
-3.658848918623972963e+02
-3.648743394853136124e+02
-3.672208295729043925e+02
-3.684558979510668451e+02
-3.617099789765524065e+02
-3.569387984018254087e+02
-3.693637056623220474e+02
-3.670002995011703888e+02
-3.539273395890986649e+02
-3.542659660856526216e+02
-3.603479340398641853e+02
-3.568125901862684941e+02
-3.585505204617692243e+02
-3.620062436992773200e+02
-3.556516207000003078e+02
-3.663836909283696741e+02
-3.675036884648962427e+02
-3.592817136140798766e+02
-3.685045887603165511e+02
-3.605915055208702711e+02
-3.616895960226137277e+02
-3.576330462113530757e+02
-3.589614945382517135e+02
-3.591441347665656849e+02
-3.493284693064350677e+02
-3.589183790096181497e+02
-3.618729669383260443e+02
-3.571849852887019097e+02
-3.642313272498111019e+02
-3.643071682977947603e+02
-3.592854325472982282e+02
-3.559286172969270865e+02
-3.531475287041137108e+02
-3.668744833522049476e+02
-3.493616996743326695e+02
-3.603358140322707754e+02
-3.536211053867878036e+02
-3.615459781679987259e+02
-3.559391240929047626e+02
-3.679046245352975575e+02
-3.597696255612356708e+02
-3.716185586632327613e+02
-3.605687801251431210e+02
-3.647585893768783762e+02
-3.570583340784947950e+02
-3.646037033158012264e+02
-3.661582723257679390e+02
-3.516098673731615918e+02
-3.635254297312172866e+02
-3.625689245405841348e+02
-3.722588358830146262e+02
-3.599167488390970675e+02
-3.693498667399710484e+02
-3.556186887861019841e+02
-3.711930672544142453e+02
-3.523873715666034627e+02
-3.629026969646665748e+02
-3.630583397499891021e+02
-3.565237028197595919e+02
-3.778110018023709245e+02
-3.631473852034825995e+02
-3.560328448033238260e+02
-3.682490971538052236e+02
-3.583077597811359283e+02
-3.659652668970811646e+02
-3.547859034299745531e+02
-3.643895730716599246e+02
-3.526302355892410105e+02
-3.629020086348294853e+02
-3.617027369222422521e+02
-3.632588277521355167e+02
-3.643927320704145245e+02
-3.722453187990140577e+02
-3.626354031643681424e+02
-3.681781823843169832e+02
-3.552794823237849187e+02
-3.567139077090598676e+02
-3.574448770565359155e+02
-3.657136479173805128e+02
-3.729103647432710886e+02
-3.649074065429402935e+02
-3.663175931884555894e+02
-3.569759692617789710e+02
-3.694961004609302790e+02
-3.555417499038182996e+02
-3.560427894236357247e+02
-3.522599937227629994e+02
-3.662318425606761707e+02
-3.667413938823478361e+02
-3.545237417407918201e+02
-3.718486544661030848e+02
-3.557877660626827492e+02
-3.653451496176064666e+02
-3.532108999751712872e+02
-3.575523695508431388e+02
-3.630247396877412029e+02
-3.751206630940014293e+02
-3.653356939950222113e+02
-3.550733417416681732e+02
-3.728870973855331385e+02
-3.664896224313346806e+02
-3.718574493421142506e+02
-3.601055943944810451e+02
-3.649975554704026308e+02
-3.530497616893786699e+02
-3.584283015558456782e+02
-3.508418105646927074e+02
-3.633937837447858783e+02
-3.628863491275565138e+02
-3.552934963522059206e+02
-3.581134736726202732e+02
-3.760302958563536322e+02
-3.561429316684220225e+02
-3.526241361729565256e+02
-3.648104429646703011e+02
-3.612959307085886280e+02
-3.628974573043993814e+02
-3.558592886418391572e+02
-3.597770916152433074e+02
-3.632428558473972089e+02
-3.630107624037776759e+02
-3.608116714592763401e+02
-3.629837121371199373e+02
-3.760758390568157665e+02
-3.620523640563011440e+02
-3.677654471719044977e+02
-3.626102559644464804e+02
-3.643645168817504327e+02
-3.520267660785253270e+02
-3.500764614694867305e+02
-3.633603937512661446e+02
-3.634645817022022811e+02
-3.705900693062476421e+02
-3.629599098383242790e+02
-3.568649963622451651e+02
-3.604257968888194341e+02
-3.493699475284569189e+02
-3.682486721926132418e+02
-3.613299213533377952e+02
-3.784212261648080471e+02
-3.620440071834403852e+02
-3.636973558935014239e+02
-3.520609445261100063e+02
-3.603524894965330532e+02
