Model: gaussian
Real logL: -493.03744333583654
Mean sim logL: -218.7658037663935
Std sim logL: 180.62800675426672
Delta TS: -274.27163956944304
Significance: -1.518433627751718 sigma
TS_sim array:
-3.904741852988669848e+02
7.067293616607944529e+00
2.867989832231927494e+00
-3.878084606416840643e+02
6.319733883502912875e+01
-3.928677503020679183e+02
-6.448289165825435987e+01
-4.035299216701459386e+02
-3.901073670622630516e+02
-3.843590611722222548e+02
-3.772065585111995460e+02
-3.860534948930887253e+02
-3.866542960392002328e+02
-3.839614351398132044e+02
-3.876279052353954739e+02
-3.964645934616531804e+02
-3.891982793500602611e+02
-3.991958380800912209e+02
3.078085988937950290e+01
-6.280669087611521206e+01
-1.025049527220739947e+02
-3.266590246993433766e+01
-7.592464747252978441e+01
-1.533334258690969065e+01
-3.881949764095464843e+02
-8.964140784619823421e+01
-3.777027563808183004e+02
-4.490913570741381022e+01
-6.900112801067653834e+01
-3.774840310741941494e+02
-3.804855784526100706e+02
-3.967883771552020562e+02
-4.924726536986705128e+01
-7.303025430326991341e+01
1.351928201239882199e+01
-3.834287858934471842e+02
-3.997766028677390864e+02
-4.022315902454818115e+02
-2.169079445089410996e+01
-3.999717401083045729e+02
4.596949702471805921e+01
-4.604151330033241862e+01
-6.236476315385877456e+01
-3.902769198276436668e+02
-3.961721620872126550e+02
-3.951624273646679057e+02
-6.836108357850449124e+01
-5.249610535505343023e+01
-4.048512118404648845e+02
-4.097233783059363077e+02
-6.929456868415962845e+01
-3.885551499837129086e+02
-3.954884036534851930e+02
-6.931896142313320297e+01
-4.033937313546557561e+02
-4.008849427359250512e+02
-1.708585131736311524e+01
-8.554181205531139653e+01
-4.080512414262710763e+02
-3.888920718577526827e+02
-4.030907473113205697e+02
-3.987509578509393577e+02
-3.832199755645398227e+02
-4.047524180174137882e+02
-4.034316241488295418e+02
-3.869925878037298617e+02
-3.939146765286465097e+02
-3.811819290760612375e+02
-3.836663780569926416e+02
-3.990942474624273473e+02
-4.140778326768970601e+02
-3.917610380783976325e+02
-3.905761625722167878e+02
-4.032161798880866854e+02
-3.988571578188250442e+02
-3.880433214475590376e+02
1.054371972953277492e+01
-3.825490249997066030e+02
-3.856830458104897161e+02
1.641514273231670984e+01
6.587133695595136373e+01
-1.834285981986168679e+02
-3.957091526070252598e+02
-4.036698561864405974e+02
-3.922993801090086663e+02
-3.864756078414143303e+02
-3.989374648737921234e+02
-8.271648752626234113e+01
-4.005838748211043594e+02
-3.850669095465659666e+02
-6.169149071602463863e+01
-3.867032580398714572e+02
-3.860032223559356908e+02
-1.916997910013376583e+01
-2.273230021886017198e+02
-5.186336647365417463e+01
-9.959830998911454003e+01
-3.958797968154437399e+02
-3.893340572004652813e+02
-3.969013936601573960e+02
-2.193298926585681841e+01
-3.888460338344226557e+02
-3.822499692520555641e+02
-3.950093176669192729e+01
-2.387536549122418705e+02
-3.857837814745952869e+02
-1.003679793911332467e+02
-1.525001926433746036e+01
-3.983129891851127695e+02
-3.947903176190399108e+02
-3.974942121414883900e+02
-3.973841239047367253e+02
-3.944026588775300866e+02
3.220859296500177038e+01
-3.951067255535916729e+02
-3.874207469074918890e+02
-7.209001696539354498e+01
-6.829835846581477199e+01
-3.926748405707901384e+02
-1.390562113520473986e+01
-3.942301411153890740e+02
-3.872632564073667254e+02
-4.023853130129366491e+02
-6.986257004866206444e+01
-4.028434669865238220e+02
-9.485903212149004560e+00
-3.944115430226657963e+02
-4.033238757230005831e+02
-3.997039935599114528e+02
-1.246320720264991593e+02
-1.031589287506642592e+02
-3.808219218860832598e+02
-4.016909608363748703e+02
-4.057988860177480888e+02
-4.074148006025677660e+02
-7.517441900386469911e+01
-3.832367728915676253e+02
-3.989495645706973619e+02
-5.610040072594274818e+01
-8.187698989063270005e+01
-4.115824013090720541e+02
-3.668688938231919394e+01
-3.992958738994747137e+02
-2.247762565992975681e+01
-1.795793889011363831e+01
-2.074170035934967871e+01
-5.337761422593473526e+01
-4.049853981008910750e+02
3.505719889770824693e+01
-3.880915700528814796e+02
-3.971597131996784924e+02
-4.479776977386779890e+01
-5.748695434393170700e+01
-7.202361599639557710e+01
-5.866324226364935157e+01
-1.084948298170351677e+02
-3.268924952972517417e+01
-4.529799306230361822e+01
-1.741248895088124300e+02
-2.952367865962987281e+01
-3.811628048752629638e+02
-6.436051245969059664e+01
-1.504764472355471128e+01
-3.886576758748252587e+02
-8.704609198821947302e+01
-2.595480148337127346e+01
1.597783797133099881e+01
-1.113564532598871892e+01
-1.058564360264759614e+02
-8.521616804615626961e+01
-3.924647865264338407e+02
2.336314751017623692e+01
-3.966269873391127021e+02
-3.857610246275577310e+02
-4.114329127965562805e+01
-3.926368853542762736e+02
-4.949775820504882518e+01
-3.719033025596296511e+02
-3.966512560450036062e+02
-4.010943187606555682e+01
-4.044474457030606231e+02
-7.080379547155239095e+01
-3.675299912172187788e+01
-4.088682002278040954e+02
-4.044750563151443430e+02
-6.607700830517696744e+00
1.178604656850016852e+01
-3.946200438387230633e+02
-3.955295967011865059e+02
-4.616422180537379205e+01
-3.878638831702896823e+02
2.640264164066531904e+01
-6.496213660523656586e+01
-1.012319404173209989e+02
-5.174713529597552508e+01
-3.889696456200382499e+02
-8.808342859303223804e+01
-3.968206418170157121e+02
-3.864777397145051054e+02
-3.870884325380249606e+02
-1.009418355132542473e+02
-7.110809937593941754e+01
-3.870247187465802199e+02
1.024400941448899403e+02
-3.999817740334464133e+02
-5.672346688230432932e+01
-3.879669191817731644e+02
-5.739127082364536392e+01
-3.952808356496036026e+02
-6.194730701793402261e+01
-3.884092549613797587e+02
-3.956488523117182012e+02
-5.343456209398694057e+01
9.322365591318103384e+00
-4.509851879693562893e+01
-4.065090863210294287e+02
-3.711807552974505597e+02
-1.067181920644684112e+02
-4.217950519976817532e+02
-2.435843548392757185e+01
-4.037236952828700396e+02
-2.275742619405561129e+01
1.921210701710981539e+01
-5.618155985893100990e+01
-3.679461281734830891e+00
-8.777826952561022722e+01
-4.022798908572306118e+02
-6.485904824372603628e+01
-3.903582754824675476e+02
-3.865388385460876179e+02
-3.854221995000318657e+02
-3.878016409006181107e+02
-2.924460706589155379e+01
-3.953314896452025664e+02
1.732200793005681305e+00
-2.201322579041473659e-01
-4.015630150792809445e+02
-3.914756461324581096e+02
-7.702690908718871299e+01
-3.902443497737029929e+02
-3.780380238172546115e+02
-3.999475810000660090e+02
-3.685198254445332111e+00
-3.913625720398904377e+02
-3.790887129910362319e+01
-1.055561189295504505e+02
-3.936547435619934276e+01
-3.966750664548707164e+02
-3.831437198191136986e+02
-3.938247391127437140e+02
-4.070403430949467634e+02
-4.070483075830994721e+02
-4.082217646573251386e+02
-3.895891906310633885e+02
-3.959127288190226182e+02
-7.800540291208341159e+01
-3.951898374984162956e+02
-3.628727321970238506e+01
4.218096769484295550e+01
-9.331468073694029641e+00
-3.916147016497409368e+02
-5.482083967430801152e+01
-3.848466087488419589e+02
-2.662598369019300293e+01
-6.164577769060919366e+01
-9.932745383591017685e+01
-3.973449146065195237e+02
-2.626235345967590433e+02
3.708377862125448843e+01
-3.975307036117771986e+02
-4.995619233033993112e+01
-1.012382595605009072e+02
-4.020280259398907106e+02
-6.400170828534542977e+01
-3.864430314344163548e+02
5.732898011687090900e+00
-5.205435014139257532e+01
-3.913452122721955675e+02
-6.145910245889505319e+01
-4.518108443147355047e+00
-3.976994804984457801e+02
-8.198040718715994046e+01
-5.618101407362864563e+01
-3.939400328730581009e+02
5.164801579956105115e+00
-8.346443354104917489e+01
-7.636181511830029933e+01
-3.778909654620254059e+02
-7.957335225102195864e+01
-1.482914868220075988e+01
-3.344643235064329190e+01
6.201040747757035376e+01
-3.882950048953454143e+02
-3.891574169034500414e+02
-1.019348727357878630e+02
9.532245787494112221e+00
-4.311046993353045309e+01
-4.083645860887850176e+02
-3.892930552355198870e+02
3.748355176842682113e+01
-4.018262422998494117e+02
-4.004447306192386122e+02
-4.062646171468356897e+02
-5.633157175116044613e+01
-1.415849817443924223e+02
-3.691837187123311992e+01
-5.201213152710725751e+01
-6.179785657836913515e+01
1.628757821450376753e+01
-7.964686276401891973e+01
-4.047415127653792979e+02
-6.264111984902339714e+01
-3.882816712791008058e+02
-3.935843652762289366e+02
3.916163024637060630e+01
-3.952350150168180107e+02
-3.408310363423260725e+01
-1.092916175008770381e+02
3.847301916386214771e+00
-9.167716421501887680e+01
-4.085030333169145251e+02
8.478153617623544136e+00
-3.289991279220993903e+01
-4.087496144824887097e+02
-2.990804450001004966e+01
-4.037494465934496475e+02
-3.960463216236023527e+02
-3.898223936953003204e+02
-1.004714282548916486e+02
-3.977380999007674518e+02
-2.329188016064520639e+00
4.367924093157496657e+01
-3.966575450766751487e+02
-3.970279465831940797e+02
2.409427610124042118e+01
-1.242812531490081369e+02
-2.431600432009531687e+02
-3.984980439683788518e+02
-3.988244821253353507e+02
-1.118812444976121867e+02
4.428590122150737329e+01
-4.865915234327022176e+01
-7.486194928341757304e+01
-3.883379415586522327e+02
-3.939370850497085712e+02
-4.033845339844141904e+02
-6.667039139041247608e+01
-4.964875644965906076e+01
-4.033689045389733110e+02
3.031043466746444892e+01
-4.005827580238261589e+02
-7.578169471360641296e+01
-2.132240343094141366e+01
-3.930738453328382320e+02
-3.110720447936088462e+01
-3.111955431867801991e+01
-2.585159504498469119e+01
-6.155390425724222325e+01
-3.993237368007926307e+02
-4.109954154374670452e+02
-5.566955788233561719e+01
-6.837119368912377126e+01
-2.333243853398276357e+01
-4.016686911571933365e+02
-5.989461586465026244e+01
-3.908588130927698785e+02
-3.924666680628613449e+02
-1.524174212513819100e+02
-6.866179126464855642e+01
-3.883126297653118399e+02
-4.043578482063613819e+02
-4.014636559242962335e+02
-3.870968613856712750e+02
-1.189301628605893910e+02
-4.103600423450161543e+02
1.220840430707502122e+01
-1.084866486675295505e+00
1.824536102754327871e+01
-3.444604619975770277e+01
-7.717215051154589389e+01
-5.860855591634445716e+01
-4.053443103456066297e+02
-4.029674983779032118e+02
-2.842106320321359192e+01
-4.005767745794217944e+02
-3.903690339841564310e+02
-2.452044571602724332e+01
-3.391685538122267474e+01
2.678495021767569995e+01
-4.606528116705822384e+01
3.590900650918249681e+01
-2.391592245771622629e+02
-9.500494701353709104e+01
1.254151789634845215e+01
-5.156899902265665503e+01
-3.944061436705683263e+02
-2.759552160794767417e+01
-3.842626840017376821e+02
2.061783533693091641e+00
-4.349314351868459028e+01
-5.507533094594553802e+01
8.143416503404505136e+01
-6.031473966753073057e+01
-3.901306113273406027e+02
-3.931035991741703128e+02
-3.900009489105131024e+02
-1.056144177676806351e+02
5.583933972170320459e+01
-3.900984329634569576e+02
-3.924467227445136359e+02
-4.003079618951211387e+02
-7.146365581926754373e+01
-2.671783913247229947e+01
-3.942350648588047193e+02
-6.164860189448370420e+01
-4.013387445108912743e+02
-4.003631676343773051e+02
-3.743631268018207692e+01
-9.633088537372525195e+01
-3.963950782012810237e+02
-3.969059073471195234e+02
-3.882263481931989872e+02
-3.634263708527056735e+01
2.301694602848983351e+01
-2.136302982637430858e+01
-3.945782891550464910e+02
-2.303363970821001203e+02
-3.999643051627334671e+02
-3.951090002987538128e+02
-3.959092495294344758e+02
-3.038317670134510706e+01
-4.792529525201896945e+01
-3.109127970613746328e+01
-3.734437814088370260e+02
-3.790623647498458695e+02
-1.080693355864845984e+01
-3.988566651777325660e+02
-1.982197594568388865e+01
-3.992121732858101382e+02
1.599982494456160609e+01
-3.890469543994605601e+02
-3.897408595611443616e+02
-8.796731067990802444e+01
-3.129420964620479140e+00
-3.906740573759453241e+02
-7.247216937847650797e+01
7.393214989783581359e+01
-3.893515946167465245e+02
-3.932898487962417562e+02
2.363034009933173962e+01
-7.908700272265249964e+01
3.379188766958745305e+01
-3.531133587795103068e+01
-3.932349541001182160e+02
-6.261682616840832338e+01
6.093828352824808547e+01
-4.027282419630609525e+02
-3.874905198799418145e+02
-4.573816152380821620e+01
3.426106802157764264e+01
-1.514352568931836913e+02
-3.927818208960326274e+02
-4.052497903356544953e+02
-5.884012210058158843e+01
-5.851611405732658255e+01
-6.135258750638136860e+00
-1.434480829814557410e+02
-5.477697684910189935e+01
-3.876507203108758972e+02
3.729395121731373308e+01
-3.976486569809643470e+02
-4.008232754412014174e+02
-3.917308172710734198e+02
8.238034742228670382e+00
-1.073249083584855015e+02
-3.896662470556336757e+02
-4.017855352366663055e+02
2.365358920991566904e+01
-3.902229680006695389e+02
6.188230776086113849e+01
9.616078955207586887e+01
-3.225026966672223239e+01
1.957238255126529936e+00
-3.973486569201501197e+02
-1.088828554668629067e+01
-3.847453242946160117e+02
-4.205931781143088983e+02
-6.351431852250087218e+01
-8.617510334108523296e+00
3.747123348365549589e+01
-1.772214788685111557e+02
-3.759081242587668044e+02
1.207081754521543715e+01
-1.333257065087678086e+02
-3.799867375917243635e+02
-4.059089536690485716e+02
-1.864975714956702575e+02
-3.828149225834606568e+02
-4.023774756165069988e+01
-3.997262660092748661e+02
-4.029773679330965024e+02
-3.998869936027519998e+02
-5.388003680716314392e+01
-3.902982250833405260e+02
-3.987135443741099152e+02
-4.414610048394094122e+01
-3.350982007542813079e+01
-3.838564402014577581e+02
-6.230611727373109687e+01
-3.997787404030221410e+02
-4.100927708080275238e+02
-3.925794059597310479e+02
-3.958079470654844840e+02
-4.006625416861033386e+02
3.270840259603372147e+01
-3.945717097375128333e+02
-3.911788734171697115e+02
-4.090264046822808837e+02
-4.031476003101137735e+02
-3.863916185301165456e+02
-4.040289132694404657e+02
-8.346264536434436110e+00
-2.933951390768764256e+01
-3.928974776955620882e+02
-3.984518664477959646e+02
-3.642996275251304894e+01
9.939745042417925447e+00
7.623822296050043690e+00
-1.986587418229401010e+02
1.636829011990712957e+00
-7.490677094532577485e+01
-5.100882740226445833e+01
3.586068908293450619e+01
-3.869253687558679076e+02
-3.907012346836175993e+02
-4.019677906700745780e+02
-3.988420745218817274e+02
-3.960280573436196505e+02
-1.942111892097266690e+01
-1.066827168414000226e+01
4.875833470331867403e+01
1.317664622686727327e+01
-7.290351716572718033e+01
5.467377670544171053e+01
-4.046591408510856525e+01
-3.937776889323255318e+02
-1.021101740579778294e+02
-4.063189313069589161e+02
-3.944212334575460090e+02
-9.200878850365725725e+01
-4.006063608234091475e+02
3.915098372390053783e+01
-3.961972936231760514e+02
-1.317122039514092933e+02
-4.066188999767032328e+02
-3.921860985340870229e+02
-3.890154724561045327e+02
-2.930240957614478603e+01
-9.338359841276532336e+01
4.966624377767333698e+01
-4.194919782340134589e+02
-3.993533461822385107e+02
-3.873496937262237907e+02
-1.379491411436035833e+02
-3.959152768091017833e+02
-3.797881037824636223e+02
-3.989047779228691297e+02
-3.996827289482802144e+02
-9.257926466768111595e+01
-3.873322152704605514e+02
-7.430444183768619837e+01
2.334669511064584668e+01
-3.880560720843623130e+02
-1.317513624424087126e+01
-2.489226653802973388e+01
-7.586063455923418530e+01
-4.083179280635292798e+02
-4.009050411648710224e+02
-3.891824127859717919e+02
2.871758336595948435e+01
-1.203747942049406561e+01
-3.854925805881518954e+02
-3.314737293537063323e+01
-5.471366406843976904e+01
-3.888129978879678674e+02
-3.291942295693016973e+01
-1.641604540648961574e+01
-1.900726985333066921e+01
-3.822514466828741888e+02
-7.318514747920204400e+00
-3.880050375839016965e+02
-5.361742273894529376e+01
-3.838268657236010881e+02
4.266468963331743680e+01
-6.982338659786537960e+01
-3.946608669227182986e+01
-5.748967016997355017e+01
-4.004312961345909798e+02
-4.771341259481670249e+01
1.180000344359545039e+01
-3.711727066398596548e+02
-4.405247703966091422e+01
-3.926625495181039014e+02
-7.076383174710785795e+01
-1.309840858617578796e+01
-6.941832678525622669e+01
-5.782278669046350217e+01
-3.974836044967698854e+02
-3.934216951993591920e+02
-6.263357184782546483e+01
1.729464349527066247e+01
-9.597822977301755998e+01
-7.216876278004266965e+01
-4.019763194830949260e+02
9.880065487170460869e+01
-7.183339023809878654e+01
-3.856692490821444039e+02
-4.098756358922602203e+02
-4.084152246276129290e+02
-4.003401480319811299e+02
-1.481751995855522637e+02
-5.101039265911030895e+01
-3.900132648824621810e+02
-3.334318896661547171e+01
-3.882231397692937662e+02
-3.420625683741889134e+01
-1.572632718286720888e+01
-4.038007209295814164e+02
-5.190350088518187022e+01
-1.018693182623509017e+02
-3.929720821963899198e+02
-1.283321541985974790e+01
-5.107794862215953913e+01
-9.784369077667034276e+01
-4.010384617414791819e+02
-4.058968260448868932e+02
-4.531169837819251711e+01
-3.104277828332059030e+01
-4.096976323371188755e+02
-2.839192899631039069e+01
-7.816233391051471813e+01
-6.677650121216889545e+01
-1.824632058806049031e+02
-1.379297544011516266e+02
-3.949701015806531359e+02
-3.946781174297897223e+02
-4.626835291882301249e+00
-3.846634571820766269e+02
-3.922083534636742570e+02
-3.970404300316680519e+02
-2.696356961917976136e+01
-1.766051083007350258e+02
-3.899288553285080070e+02
-4.121794362338320639e+00
-3.711308652732429891e+01
-4.050557626644680909e+02
-6.060022313704936181e+01
-1.395198304550104496e+01
-4.001645750900568146e+02
-3.983995768988588679e+02
-3.986808259830330030e+02
-3.909924485893021142e+02
-3.945656494809691139e+02
-5.564718539154742416e+01
-2.784893208938141385e+01
-3.979307601142524504e+02
-4.022642382064746585e+02
-1.306127181547408611e+01
-3.853382095157621166e+02
-3.927390386011843475e+02
-4.115057168831817194e+02
-1.977261965963872967e+02
-2.497622604592326212e+01
-3.893351076047235892e+01
-3.821761019002184412e+02
-3.975068385710817438e+02
6.489888575661154846e+01
-4.041474172857293752e+02
-1.987368906531365553e+00
-4.028598852573342128e+02
-3.776986562797412148e+02
-5.156679842603625730e+01
-1.157159609309484267e+02
-4.028338439888715357e+02
-3.889539112428575436e+02
-2.151180326615420313e+02
6.123624125194331924e+01
-3.966277566294309054e+02
-3.863723470300001281e+02
-9.400307144804139625e+01
-3.829323272161158798e+02
-4.034292178600277339e+02
-4.008328076914048097e+02
-5.523377821571617829e+01
-1.050664166699263191e+01
-8.249207231687343267e+01
2.075090039644172180e+01
-3.926628582429760286e+02
-2.613031078881835612e+01
-3.970543921114798991e+02
-3.973265280599796370e+02
-1.772186104589331990e+01
-3.970912427132624885e+02
-3.911187820279600942e+02
-4.865883556917993502e+01
-4.012164679379702079e+02
-7.429544834517443519e+01
-1.098908652236701329e+02
-3.875729785580190310e+02
-1.338049329031566117e+02
7.524300573369114176e+00
-4.027723645367657355e+02
-2.230892144641589709e+02
-3.872535826224252560e+02
-6.293308899728809536e+01
-3.723166825809555291e+01
-3.990571624654027119e+02
-6.963215021545971695e+01
-3.936001089345090804e+02
-3.994497461584162465e+02
3.071282427746957921e+01
-3.894453054265462697e+02
-3.133881243208367806e+00
-3.546498441276257552e+01
-3.844748658558032730e+02
-3.904769117753278351e+02
-4.287406779927439260e+01
-4.132933748983482758e+01
-3.833990967404665753e+02
-3.878833118615538069e+02
-7.593633727437884318e+01
-3.959618707796611261e+02
3.180091341718460995e+01
-3.956944564259944173e+02
-3.863861404841140370e+02
-3.989949452061899251e+02
-8.319024032023244786e+01
-6.403639489778035454e+01
-4.012245173423625602e+02
-3.889147126760374817e+02
-3.971262519186741429e+02
-3.845112403463677424e+02
-3.940656717989335220e+02
1.858068742912463023e+01
-2.900857657837294568e+01
-4.795792825253004210e+00
-2.575944437768440309e+01
-3.866492644499975881e+02
-4.060473137143853819e+02
-4.011985706985090019e+02
-4.007508832029097903e+02
1.614632427628187372e+01
-4.010786405092993618e+02
-3.896553032962802376e+02
-1.901404628154469378e+01
-4.055715034613832586e+02
-3.925538887554217240e+02
-1.043300932834183641e+02
-3.019376926387260340e+01
-1.595133319532250127e+00
-1.523619120226088057e+02
-2.356550662839663346e+01
-3.928828215760910325e+02
-4.902857697874592446e+01
-4.035424836518972143e+02
-4.963988167634968818e+01
-3.911188054152643190e+02
-3.126730906071018978e+01
-3.841550149249887909e+02
-3.849310526721228030e+02
1.474236436630287628e+01
-4.018033941063426937e+02
-3.810042531544081612e+02
-7.606371521336531316e+01
-3.243110875779219526e+01
-2.064655590013491633e+02
-3.835133520695057996e+02
-1.900431903448205873e+01
-4.036412183710347108e+02
-8.330118186863595042e+01
-7.295123296959965842e+01
-3.828936660090499799e+02
-4.198583096361319633e+01
-3.859004515334986536e+02
1.699766752262868152e+01
-3.824072919665462678e+02
8.552922589073084225e-01
-2.259087112163154032e+01
-3.931811163281790868e+02
-5.663010657492861810e-01
-3.907058198309678687e+02
-4.088257091918595734e+02
-6.581132100730066270e+01
-2.821774986837307608e+01
2.774162298793698511e+01
-3.855708654366161454e+02
-3.967551782727157672e+01
-4.072894083060590020e+01
-3.868507850627553353e+02
-5.110611313715878623e+01
-3.856095035084009623e+02
-3.989594419658310471e+02
-3.928095355324089155e+02
3.853522692639056402e+01
1.774886681817593015e+01
-4.014706494854671064e+02
-3.924738185798698851e+02
-3.997104459821654814e+02
-3.854962474013418614e+02
8.650937044379542584e+00
-1.400137989361128277e+01
-2.099498257366611398e+01
-3.951480931823047058e+02
-3.903776787903470904e+02
-3.919979140033880185e+02
-3.911011740903880991e+02
9.808552007425646480e+00
-3.925249918311384931e+02
-3.951971253303843241e+02
-4.409204511577169683e+01
-7.511278500936279556e+01
-3.887814602208584347e+02
3.039617983372911070e+01
-7.913979957515483932e+01
-3.994343071453976108e+02
-4.027228455727280334e+02
-4.063624781845252869e+02
-5.454350582488095256e+01
-3.998892342045991199e+01
2.294571413550368177e+01
-4.165086694031706998e+02
-3.868690954576258036e+02
-3.897486242301245056e+02
-3.805608874268161799e+02
-3.961892590405988130e+02
-5.907828149458822509e+01
-4.045576954696290954e+02
-4.002523587863222474e+02
-3.844571269451668059e+02
-6.238115273446613429e+01
2.112741286089417514e+01
-4.482158493326643622e+01
-3.934727464794248135e+02
-3.934708672130540208e+02
-6.845107000906602934e+01
-3.920702466940269915e+02
-3.904562881062885253e+02
-5.113197800672666915e+01
8.576853701374801631e+01
-4.062522890269039522e+02
-1.391288514038554354e+02
-2.372490412636420558e+02
-6.361881868619800429e+00
-4.633858252876340345e+00
-3.780844718728133103e+01
-5.062337539243638673e+01
-3.972830772788233844e+02
-5.730929038193878711e+01
-3.846988605982737113e+02
-4.195934400100360051e+01
-3.447182776348145694e+01
-1.654199104517024921e+02
6.513380809163245999e+01
-3.903051846643417093e+02
-5.160245010071933081e+01
-1.782627151845450442e+01
-7.996287715802515095e+01
-3.797256284447505550e+02
2.854321884258028064e+01
-4.872316665976331507e+01
-3.978311502042778329e+02
-3.858393843397442993e+02
-3.858705921023285441e+02
-3.852553417216635125e+02
-4.035394237713692291e+02
-3.942938963529437615e+02
2.250744907193145394e+01
-3.945496628154564860e+02
-4.068999758083799065e+02
-3.892287610061403598e+02
-8.104715035932059664e+01
-6.701368422856091911e+01
-3.943461394440640788e+02
-3.788306294297808563e+02
-2.253966150036972493e+01
-4.999100930038452617e+01
-3.934062053621717041e+02
-3.992292663074421739e+02
-3.884416332036396966e+02
-3.994562015837474860e+02
-4.026825827305480061e+02
-3.892819049904110784e+02
-2.132050639546254445e+01
-4.160912178853342880e+02
-6.454867923820918918e+01
-8.219363445703284299e+01
-3.896198118566753692e+02
-3.860885639725979672e+02
-1.477724704026670111e+02
-3.944880780606100643e+02
-3.922838618401399913e+02
-3.853505446891948623e+02
-3.857289130756649911e+02
-1.256298795897420746e+02
-3.961906420652904899e+02
-3.841590388561986913e+01
-3.948858809470505093e+02
-3.893755884537479233e+02
-3.902358745524999790e+02
-8.919979857281511215e+01
-3.895942573089469079e+02
-3.941349507197308526e+02
-5.042013666030996433e+01
-4.805442756333496135e+01
-3.998775560780222804e+02
-3.988686895754380544e+02
-3.892943735404309678e+02
-5.010418248768344540e+01
-4.050513920951582918e+02
-3.821679357594849193e+02
-4.086924884361402519e+02
-4.096964022915743726e+02
-3.863525292950544099e+02
-3.890702212354267431e+02
1.439925216414474995e+01
-3.999433726955317070e+02
-3.695878322028301000e+01
-4.153634684675071185e+02
-6.487557510565514463e+01
-3.862832835948051979e+02
-3.905772317733229784e+02
-3.927869114870467229e+02
-1.223083858853594563e+01
-9.788019832410515164e+01
-4.039280979127853470e+02
-3.858377388022571495e+02
-3.992922526702975574e+02
3.448486018557467503e+00
-6.720557787755522838e+01
2.747577113388148362e+00
-3.787589924343158145e+02
-4.088028911902902109e+02
-4.068739591735135264e+02
-3.965722170118434633e+02
-4.148156985092638820e+02
-5.354178578970942937e+01
-7.050240890809321570e+01
-3.944107170486179257e+02
-2.436571398164505098e+01
-2.211878613276338257e+01
-4.030216104110741071e+02
-3.971509810515114509e+02
-4.823532320566815201e+01
-1.452718950815872745e+01
-7.121638951026949371e+01
-8.872863113060259366e+01
-3.896102139172822945e+02
-3.989861271418150750e+02
-3.907024374998203484e+02
-4.020879984158949583e+02
-3.815403787700133762e+02
1.157748971506164892e+01
-2.878784645143929311e+01
-3.951884082018762001e+02
-4.052739891662877199e+02
-9.443631657696533921e+01
-3.947413283094075496e+02
-2.988398666324875421e+02
2.584766688746966423e+01
-4.021859108653918611e+02
-5.722912774716751017e+01
-3.883633648686266611e+02
-3.866590799307103339e+02
-6.288409273574259828e+00
1.190311863313524299e+01
-4.082002280511574668e+02
-4.042022376477071930e+02
-3.828261221639182850e+02
-3.932697278283785636e+02
-1.910686545822597537e+01
-6.749501609187214513e+01
-3.367982085863914676e+01
7.883807227016735908e+01
-3.943250602631425181e+02
-3.803140656662819765e+02
7.800802863373846208e+01
-4.733118543972835823e+01
-3.955851776926134562e+02
-3.875031663329219782e+02
-3.902667827948340573e+02
2.027523260924449033e+01
-4.031231877790958151e+02
-3.991746101813427003e+02
-3.926427331758617925e+02
-1.913892424169182505e+01
-3.956017504946779013e+02
-3.959608297443342053e+02
-5.173550981571901275e+01
-4.012255283477854846e+02
-3.835414980624831571e+01
