Model: gaussian
Real logL: -201.66129830546723
Mean sim logL: -343.3327325916422
Std sim logL: 5.708094064446545
Delta TS: 141.67143428617496
Significance: 24.819393774288017 sigma
TS_sim array:
-3.465957023797965348e+02
-3.536844189225268451e+02
-3.400339603747278261e+02
-3.419099894560768007e+02
-3.421436486500508636e+02
-3.403276162197856252e+02
-3.361250650184953201e+02
-3.401213759695764338e+02
-3.420323630643075035e+02
-3.389279024657908508e+02
-3.453463764990889331e+02
-3.472553191344371157e+02
-3.418820420931606918e+02
-3.395367927505918715e+02
-3.562520620164372076e+02
-3.469093846649574289e+02
-3.401741056290646839e+02
-3.385104882389343857e+02
-3.463239472816235889e+02
-3.450746304821479953e+02
-3.377427725533681269e+02
-3.469005572670168931e+02
-3.471746463769460433e+02
-3.401265477279404195e+02
-3.426700200946243058e+02
-3.489271176865307780e+02
-3.420291770979062562e+02
-3.499268110091021526e+02
-3.394343168584472323e+02
-3.376302032457327869e+02
-3.380579985595870767e+02
-3.377832917314096903e+02
-3.447215859901727413e+02
-3.469814517871087105e+02
-3.422655774400874407e+02
-3.431818101250350992e+02
-3.360859872474475765e+02
-3.398024902896615345e+02
-3.431428278193835695e+02
-3.453851517974941885e+02
-3.374902606914993726e+02
-3.428596468182306580e+02
-3.415498343945581610e+02
-3.571651986338915776e+02
-3.381888868334242488e+02
-3.417629578309021667e+02
-3.374707176698387912e+02
-3.475873662246513049e+02
-3.423126102253266936e+02
-3.387678280706867326e+02
-3.451933692621995533e+02
-3.399347474041445025e+02
-3.437104264074421280e+02
-3.403380771353624823e+02
-3.533031711084712470e+02
-3.534619296232711463e+02
-3.373144087876470394e+02
-3.431742344764488735e+02
-3.408211287916158767e+02
-3.407520764946921190e+02
-3.441651862279160241e+02
-3.385746464225642853e+02
-3.364030972624539118e+02
-3.439983982289543860e+02
-3.377582067084530308e+02
-3.392666334114236406e+02
-3.448523124323187403e+02
-3.368402628460538608e+02
-3.452468537964451230e+02
-3.430705153876240274e+02
-3.386179712900085974e+02
-3.619098693403759057e+02
-3.423753569869901980e+02
-3.419339946244481325e+02
-3.527141291901251634e+02
-3.366531834570603223e+02
-3.405954616558004773e+02
-3.375221060343908448e+02
-3.365274344286904125e+02
-3.395292024947590335e+02
-3.407126248466275911e+02
-3.485726663793062698e+02
-3.525252049842904398e+02
-3.424535953456856419e+02
-3.564472577160294691e+02
-3.588919745944447186e+02
-3.424431145529625837e+02
-3.366098397922339700e+02
-3.439965588699008094e+02
-3.396892650585896263e+02
-3.409010193478561064e+02
-3.462028329725736739e+02
-3.484314748967026389e+02
-3.376354275610434570e+02
-3.391893274984993241e+02
-3.427618758644323975e+02
-3.435916237148035748e+02
-3.395079485116527849e+02
-3.399158381814088443e+02
-3.361887939570572144e+02
-3.388016837756271116e+02
-3.436711986660549201e+02
-3.402778369354787742e+02
-3.373339083213656977e+02
-3.407043253460504957e+02
-3.431950149583308303e+02
-3.387439939535250915e+02
-3.564702206874763419e+02
-3.425945051042780278e+02
-3.462094328224112587e+02
-3.364902708381404182e+02
-3.374884414159078005e+02
-3.452327373080331654e+02
-3.433702866135105296e+02
-3.421086400580588816e+02
-3.472947872245024428e+02
-3.452179027249354135e+02
-3.383689452823335841e+02
-3.466549713060825297e+02
-3.465572717626717463e+02
-3.455810215465260171e+02
-3.396827252551392462e+02
-3.433983027610624958e+02
-3.384746893098323426e+02
-3.568964808193892964e+02
-3.387322171828097339e+02
-3.420187201750767372e+02
-3.431465928568982235e+02
-3.510876837514052795e+02
-3.385536582484926384e+02
-3.400822314828276944e+02
-3.491093814450677542e+02
-3.435943272712930820e+02
-3.519865563313938424e+02
-3.450416549557382950e+02
-3.412961129715025095e+02
-3.434877022314177566e+02
-3.407204304470626539e+02
-3.473998970024923665e+02
-3.480856851772815617e+02
-3.337955096738216980e+02
-3.458671657329085747e+02
-3.394261777884794355e+02
-3.427056329230243819e+02
-3.420176031303529953e+02
-3.439376307308268110e+02
-3.422302095740261052e+02
-3.328483659334432332e+02
-3.369368917624311734e+02
-3.404574423625777513e+02
-3.430942613826726415e+02
-3.372530341391873776e+02
-3.462819130811078594e+02
-3.363497148424365832e+02
-3.417516883940982098e+02
-3.419103440115218291e+02
-3.445658007541069878e+02
-3.506740994201098829e+02
-3.372599126230430784e+02
-3.391595193879049930e+02
-3.431140377269730948e+02
-3.523694885839216795e+02
-3.407373020811423316e+02
-3.416909338594773544e+02
-3.347399040076523988e+02
-3.406428437561762621e+02
-3.377986018394834673e+02
-3.386073545072786146e+02
-3.490966847303974419e+02
-3.397164787667612131e+02
-3.366287919451125958e+02
-3.398483210650558703e+02
-3.513371256524743558e+02
-3.435091290846116294e+02
-3.428358082260839979e+02
-3.425267534706883907e+02
-3.404074664044190968e+02
-3.406941235298697848e+02
-3.433569636940977148e+02
-3.391305615579825030e+02
-3.494554619082502427e+02
-3.400460463797981561e+02
-3.419744417670234498e+02
-3.388087970962374129e+02
-3.468871799494368133e+02
-3.379402547616210768e+02
-3.451199871034425541e+02
-3.430092094714028121e+02
-3.395669006588425418e+02
-3.450641048710259042e+02
-3.440926852119271189e+02
-3.569666408782429698e+02
-3.386462358689472580e+02
-3.359456011801338491e+02
-3.448973700043820259e+02
-3.408835887138062617e+02
-3.404573684217149321e+02
-3.395109373980534428e+02
-3.618715760786059263e+02
-3.395545580494707565e+02
-3.526226564698632728e+02
-3.425654802188134909e+02
-3.456106645402195454e+02
-3.405142958934135891e+02
-3.423706721878434109e+02
-3.571877344268234538e+02
-3.408832914221533201e+02
-3.434831398974470744e+02
-3.467327049776376384e+02
-3.347791703749136332e+02
-3.433516260305445371e+02
-3.343941754204060999e+02
-3.363207907835624155e+02
-3.500858784531610581e+02
-3.602533609303843605e+02
-3.411430573122332248e+02
-3.578522876706264810e+02
-3.570607434093543588e+02
-3.413089666568553184e+02
-3.384464481028577438e+02
-3.438986251777815255e+02
-3.498303815181781715e+02
-3.406404465132826545e+02
-3.611824060003826844e+02
-3.397687703998818733e+02
-3.594974687484252627e+02
-3.451013235667643357e+02
-3.557247473824238000e+02
-3.523233484207526658e+02
-3.423832546038293572e+02
-3.418368713928063016e+02
-3.399896026123574302e+02
-3.448867463279709682e+02
-3.388605124833640048e+02
-3.389869117816460857e+02
-3.374741215793391120e+02
-3.474985422283613730e+02
-3.424248209889516374e+02
-3.394771694495818792e+02
-3.404702124189475967e+02
-3.396882976066771676e+02
-3.415609408161576539e+02
-3.433406332694324306e+02
-3.414097871113572182e+02
-3.448565791145775279e+02
-3.401266397639674892e+02
-3.427243588375628178e+02
-3.415409322007633364e+02
-3.394609691789081580e+02
-3.410578240079613579e+02
-3.508682607437795014e+02
-3.437832491457014612e+02
-3.432190809515857381e+02
-3.386838543621299777e+02
-3.449537099163471225e+02
-3.339904841770497228e+02
-3.582974691624028196e+02
-3.429460894999446054e+02
-3.537452553281452765e+02
-3.556780078821363418e+02
-3.422733720725674402e+02
-3.418772244731121646e+02
-3.464244014626191301e+02
-3.562571248812871545e+02
-3.397673880475443298e+02
-3.442617338907421640e+02
-3.384035577485120712e+02
-3.416199080256369598e+02
-3.383681213345718106e+02
-3.443343467233420938e+02
-3.425602170504891433e+02
-3.451431759246181628e+02
-3.416923918779281166e+02
-3.524616053181821371e+02
-3.435295328143840834e+02
-3.442417025993650554e+02
-3.496577820225330129e+02
-3.453786445592111249e+02
-3.558786852310599897e+02
-3.507684615428399297e+02
-3.571106671752753527e+02
-3.494881169374820615e+02
-3.442609920530472891e+02
-3.413005425820222172e+02
-3.376660841869304477e+02
-3.410443824039447236e+02
-3.450038175817692263e+02
-3.419618345880445531e+02
-3.500081207265254761e+02
-3.385959767016695423e+02
-3.428889521269244369e+02
-3.378073745017842384e+02
-3.476043522214810082e+02
-3.455333383827820057e+02
-3.357145655705612057e+02
-3.400312155965540910e+02
-3.437995376979376374e+02
-3.376816100237782621e+02
-3.477693587855684427e+02
-3.472509622949922345e+02
-3.406907590372396157e+02
-3.391801521601532841e+02
-3.446226977495831534e+02
-3.466720749046694436e+02
-3.450707789868440614e+02
-3.385905302607305885e+02
-3.483269373267474975e+02
-3.393165428878477883e+02
-3.398193423705717464e+02
-3.425770223870438826e+02
-3.431388853499319112e+02
-3.509872090569191414e+02
-3.393626817543820380e+02
-3.425524036259085392e+02
-3.398845583036708717e+02
-3.342331128565187441e+02
-3.462184332177447459e+02
-3.559567983330233574e+02
-3.416385878940782277e+02
-3.463645698623078033e+02
-3.375722549738818543e+02
-3.499737135427121757e+02
-3.447710134809015017e+02
-3.399600350102416542e+02
-3.400385726769909525e+02
-3.529382468030647146e+02
-3.432250885617251583e+02
-3.467579079487156264e+02
-3.460686856103452556e+02
-3.414812814802633625e+02
-3.385687182537583908e+02
-3.395101184704502089e+02
-3.424996000783149839e+02
-3.411253390602216768e+02
-3.377509323311559797e+02
-3.550415197615090506e+02
-3.442974765491906055e+02
-3.452174664017603050e+02
-3.437277887803677459e+02
-3.368383324398931791e+02
-3.462511679240068361e+02
-3.413253294324795206e+02
-3.447854320611078265e+02
-3.429992237507004802e+02
-3.411782266212863988e+02
-3.404960536881634425e+02
-3.374159874675064543e+02
-3.482965947417573034e+02
-3.426450265288156629e+02
-3.377571829865132713e+02
-3.510229037678985833e+02
-3.484102285192609543e+02
-3.405912633802191749e+02
-3.454061505334283311e+02
-3.403239727145286793e+02
-3.547645090511428521e+02
-3.384052644867871322e+02
-3.361744581550576640e+02
-3.448667488526321563e+02
-3.431879051189642382e+02
-3.438688748378801847e+02
-3.411585456394736298e+02
-3.472980980863084142e+02
-3.409116018592543469e+02
-3.601958340998494350e+02
-3.406874862737961394e+02
-3.469461630204747280e+02
-3.400519020273255819e+02
-3.447207665797941445e+02
-3.410383144610581212e+02
-3.451829680822356181e+02
-3.432634787765082365e+02
-3.430939082887669542e+02
-3.334384390813788741e+02
-3.436707489713811583e+02
-3.361500002053588219e+02
-3.539596532521367749e+02
-3.388973078278114599e+02
-3.383866494924340032e+02
-3.422690723135418125e+02
-3.389015390440333135e+02
-3.555840329936150397e+02
-3.420015954450587401e+02
-3.375284560705901526e+02
-3.517984504287591108e+02
-3.458530717854839622e+02
-3.451971493732133922e+02
-3.444696110493844117e+02
-3.525743087516749483e+02
-3.513201569294907927e+02
-3.417029526098694987e+02
-3.397373415205074139e+02
-3.406848908673669598e+02
-3.390793734601440974e+02
-3.366077064944032031e+02
-3.524132997457363672e+02
-3.446313194018972581e+02
-3.420405235486823585e+02
-3.391635675928837372e+02
-3.422437121310424573e+02
-3.455101362255783215e+02
-3.402964269249010840e+02
-3.549772501678677372e+02
-3.382635318636118313e+02
-3.531925570126156799e+02
-3.467895617104192638e+02
-3.500293585101211420e+02
-3.410983910832417791e+02
-3.428877990301235741e+02
-3.405000865514325596e+02
-3.419447223622958063e+02
-3.418628429417778420e+02
-3.545652381071490709e+02
-3.544605006928557032e+02
-3.362447591800783471e+02
-3.404030841320320633e+02
-3.451857573058700268e+02
-3.426194679778644741e+02
-3.417796453399585062e+02
-3.510412122918655200e+02
-3.383173359503639404e+02
-3.440577486276584409e+02
-3.434184348808167897e+02
-3.430883742198227537e+02
-3.415000818185704929e+02
-3.410681465056699722e+02
-3.540934743359276808e+02
-3.412900801486166529e+02
-3.468889516513762601e+02
-3.364989436151738005e+02
-3.362804916711086776e+02
-3.448673933358677459e+02
-3.364948645413431905e+02
-3.374087652986298167e+02
-3.456907533400768102e+02
-3.430338573023797153e+02
-3.364869265363847717e+02
-3.398106009526361504e+02
-3.377879607564478874e+02
-3.383652957591273207e+02
-3.428680742809933122e+02
-3.374007119584102838e+02
-3.378999428703011176e+02
-3.582073215417979100e+02
-3.396566910162435988e+02
-3.595887149273459045e+02
-3.370938428859334977e+02
-3.393889473770573773e+02
-3.608471847027235526e+02
-3.377017186898240197e+02
-3.389374824174245759e+02
-3.409914727429693357e+02
-3.367526105262350598e+02
-3.511562896895102881e+02
-3.484060121121671614e+02
-3.381011169665870284e+02
-3.393637054055495241e+02
-3.532843680537207547e+02
-3.385498566538108207e+02
-3.362197791057438394e+02
-3.407730327304197999e+02
-3.457708103883525723e+02
-3.433598081071170327e+02
-3.400887916253642516e+02
-3.486588758102685688e+02
-3.463206259804171623e+02
-3.445849484092344142e+02
-3.385595156113507187e+02
-3.379177690045394797e+02
-3.433438974045532746e+02
-3.435046857467353902e+02
-3.334948385384834069e+02
-3.569265864155885879e+02
-3.571469158409072975e+02
-3.425774761122699488e+02
-3.470798124981049568e+02
-3.439084203383189333e+02
-3.450085365036813414e+02
-3.422864964057567931e+02
-3.407061543928672904e+02
-3.418342588131523598e+02
-3.409312103263118843e+02
-3.349145675604728467e+02
-3.399449822199901519e+02
-3.427345123830298803e+02
-3.408658360997864065e+02
-3.395205260660249564e+02
-3.458917914360937971e+02
-3.369495505205997574e+02
-3.367430526416189878e+02
-3.468543732212775694e+02
-3.454015969393809655e+02
-3.386957745859608622e+02
-3.363487930249141300e+02
-3.521531441385768630e+02
-3.384081747055707297e+02
-3.485589788507531921e+02
-3.525286130439768613e+02
-3.553209312709894903e+02
-3.439579098018992340e+02
-3.446302169532622202e+02
-3.402941196023955968e+02
-3.564078051197566310e+02
-3.349499396041502450e+02
-3.386645021418237320e+02
-3.430363905225221970e+02
-3.439063391151454994e+02
-3.424018040362241209e+02
-3.385174164535051204e+02
-3.421563125585617513e+02
-3.433271401425820386e+02
-3.457965747585242298e+02
-3.395305693680903687e+02
-3.358343208364627230e+02
-3.405199152190086807e+02
-3.427644689701450034e+02
-3.378421560372750037e+02
-3.418438079244237997e+02
-3.525855529906210677e+02
-3.417738515511037463e+02
-3.441744295190542857e+02
-3.387485814605241217e+02
-3.474275611804889650e+02
-3.418207410507512805e+02
-3.428724584588854896e+02
-3.408423153379314385e+02
-3.408634192392131581e+02
-3.376503739457980373e+02
-3.408243896044917278e+02
-3.389824652001386767e+02
-3.511322651154468986e+02
-3.456397009268085867e+02
-3.351481766090214478e+02
-3.394081505342151104e+02
-3.454461999794564235e+02
-3.457838236337289004e+02
-3.418639683359626815e+02
-3.448757855760769075e+02
-3.375564631448908131e+02
-3.398746332082806703e+02
-3.371718565685553131e+02
-3.409997751889832216e+02
-3.514367026420794105e+02
-3.372836490539083343e+02
-3.537647442511041618e+02
-3.433984763158971418e+02
-3.386311295376749513e+02
-3.394126654073248801e+02
-3.595187782744456513e+02
-3.606780464293683508e+02
-3.474820252952204100e+02
-3.486781834050976840e+02
-3.387559346777365477e+02
-3.392023912658580684e+02
-3.390879789888457481e+02
-3.462035119633194427e+02
-3.410991598796288145e+02
-3.501634751252704518e+02
-3.402881572459141353e+02
-3.400046643139345406e+02
-3.424359152668301931e+02
-3.567953960477461806e+02
-3.530776346649521429e+02
-3.435260375096318057e+02
-3.438749203533766945e+02
-3.425178803463660415e+02
-3.466088407612176638e+02
-3.461042875414490254e+02
-3.383826439554315471e+02
-3.455918263900086913e+02
-3.448238867797422813e+02
-3.378714705064122654e+02
-3.376036824828746603e+02
-3.435551320130077784e+02
-3.355880472522774767e+02
-3.436604236191047335e+02
-3.402547944634935675e+02
-3.410657396369312551e+02
-3.487974214257267249e+02
-3.519387514972456756e+02
-3.464072794662430397e+02
-3.451601822194094211e+02
-3.412886821599780660e+02
-3.385542186324078102e+02
-3.461886986839896849e+02
-3.404057937560505707e+02
-3.513868029493272616e+02
-3.368909237451454146e+02
-3.523476364833647949e+02
-3.396830279205873921e+02
-3.422862566231912069e+02
-3.430530045122372371e+02
-3.386867108456538062e+02
-3.415274267671550774e+02
-3.479632552894941568e+02
-3.613766702512320990e+02
-3.405907249145806190e+02
-3.385826662486154532e+02
-3.394438439123055105e+02
-3.389525143632202457e+02
-3.433487817805017812e+02
-3.483682389607460550e+02
-3.359077308530370374e+02
-3.425504074286550917e+02
-3.435052328435044728e+02
-3.449849864112578643e+02
-3.432931500151265709e+02
-3.386313663986406937e+02
-3.537029339949625637e+02
-3.367586011496787251e+02
-3.440635745776528438e+02
-3.339043495795071976e+02
-3.535671963667475097e+02
-3.432240243404886542e+02
-3.536315472368389692e+02
-3.439006116889104874e+02
-3.567799375614686141e+02
-3.417848147493182296e+02
-3.410365883032269494e+02
-3.419367010828172511e+02
-3.411105964876733196e+02
-3.453493451529300273e+02
-3.387567752022897025e+02
-3.350044557016485669e+02
-3.448523719161255485e+02
-3.376506378895138596e+02
-3.478133171664309202e+02
-3.341015892560601515e+02
-3.573231193261087810e+02
-3.446416987012130448e+02
-3.523328937405403281e+02
-3.365913725281337747e+02
-3.396287191346762029e+02
-3.355109101765010564e+02
-3.397374625143630738e+02
-3.504689603286385022e+02
-3.397177478113906091e+02
-3.378002249941483228e+02
-3.404840598947319563e+02
-3.377652477343025907e+02
-3.450966734478668059e+02
-3.414924486363706819e+02
-3.511210960608680125e+02
-3.373286832278562315e+02
-3.493431073701326568e+02
-3.362909920037627671e+02
-3.539056578882616009e+02
-3.351583418355517665e+02
-3.385066328658265320e+02
-3.411198835015795794e+02
-3.463653852603468977e+02
-3.548300857101069710e+02
-3.394972398503492741e+02
-3.480202891310255495e+02
-3.481110759308265870e+02
-3.398351970274536029e+02
-3.422049127985924315e+02
-3.388347781534679939e+02
-3.472205810352029403e+02
-3.382038424088467536e+02
-3.428137275735584808e+02
-3.418249018000105934e+02
-3.414485849649656757e+02
-3.379823876018621149e+02
-3.456473815926785846e+02
-3.542191858363443657e+02
-3.509171532046361790e+02
-3.444163950879981826e+02
-3.362848305413017442e+02
-3.480220519880979282e+02
-3.372157973327845184e+02
-3.370296169921999763e+02
-3.450681102574233137e+02
-3.412193175584835672e+02
-3.424249502516717030e+02
-3.517367910848688553e+02
-3.325966151435737856e+02
-3.609937035022603595e+02
-3.421628301264037191e+02
-3.416034106755743665e+02
-3.376263745967954151e+02
-3.470349520905552936e+02
-3.355421882187150686e+02
-3.546451496542514974e+02
-3.390033850768170396e+02
-3.383761705957206232e+02
-3.389364864307414109e+02
-3.431783353781331698e+02
-3.389244300829055305e+02
-3.401965139854776226e+02
-3.385141818270716954e+02
-3.424522172480449171e+02
-3.405774273986013441e+02
-3.417026858385391961e+02
-3.385799714204736119e+02
-3.350650576747325431e+02
-3.438816311763775957e+02
-3.367745383838527005e+02
-3.458291204670159686e+02
-3.379471025614760720e+02
-3.463640630596049732e+02
-3.376641216527114011e+02
-3.345016767970095088e+02
-3.491941533041623416e+02
-3.448306977018139605e+02
-3.364841408676963965e+02
-3.392488483811483775e+02
-3.436924905570670603e+02
-3.432004458145383978e+02
-3.434673770528721661e+02
-3.398982345373382259e+02
-3.535458836438821209e+02
-3.435841230825349726e+02
-3.416284920596031043e+02
-3.425024188560346374e+02
-3.387281097781808512e+02
-3.392194971507624359e+02
-3.410431188297693552e+02
-3.416608373770753815e+02
-3.399836994239176420e+02
-3.554589574435021859e+02
-3.393253360084545420e+02
-3.380364949410223403e+02
-3.475998074829736311e+02
-3.408056688629001201e+02
-3.376114150328034498e+02
-3.381561303272722512e+02
-3.540340008554788938e+02
-3.430128090505262435e+02
-3.351047381625332946e+02
-3.337755300462918058e+02
-3.504896056119050058e+02
-3.359146891556640639e+02
-3.396375416436840169e+02
-3.457041580638152709e+02
-3.484563481197106398e+02
-3.414407285520525193e+02
-3.414245636771299246e+02
-3.374873067919455707e+02
-3.433830964815909965e+02
-3.513314799962109873e+02
-3.411239551773873018e+02
-3.400247611661167184e+02
-3.431164280359692498e+02
-3.458229700581455859e+02
-3.417233201863310796e+02
-3.450166393195750061e+02
-3.432350631671063184e+02
-3.497433282067248683e+02
-3.382616954241293570e+02
-3.457875351906297965e+02
-3.423366258656649279e+02
-3.429484759948137480e+02
-3.400665345970941189e+02
-3.474756941571228595e+02
-3.380001294107138392e+02
-3.447854131926608829e+02
-3.393415782369003182e+02
-3.417325801948740036e+02
-3.504452969653282253e+02
-3.362811890005153259e+02
-3.451687679357086722e+02
-3.447816315222617050e+02
-3.393480640792474787e+02
-3.454953213688188498e+02
-3.345470078741872157e+02
-3.537699746025555783e+02
-3.353461449959260108e+02
-3.463265411375060694e+02
-3.498706749323176837e+02
-3.487956596858181229e+02
-3.435953217718276278e+02
-3.441579433981585225e+02
-3.435004677036440057e+02
-3.425426515445102496e+02
-3.398672025254645632e+02
-3.500538698730541682e+02
-3.588576613509678168e+02
-3.523903196330992955e+02
-3.439688413472208595e+02
-3.390435392954543659e+02
-3.454725209182282697e+02
-3.370949968531626837e+02
-3.482751686349128022e+02
-3.542829318029647538e+02
-3.422142668579663791e+02
-3.433625187697755905e+02
-3.414406690846242327e+02
-3.359114961551092620e+02
-3.455928545474490647e+02
-3.386442052636939479e+02
-3.470861641257919246e+02
-3.494789555565494084e+02
-3.398117769144587896e+02
-3.494702449225881651e+02
-3.446303661523079427e+02
-3.400748228878886152e+02
-3.514460043662728594e+02
-3.413060113552854773e+02
-3.430242398932132915e+02
-3.360595071673939174e+02
-3.443085264658732854e+02
-3.386669977818502275e+02
-3.344507709676370268e+02
-3.463865949732694389e+02
-3.442721292788708070e+02
-3.411844972712498247e+02
-3.355014385560822348e+02
-3.477133749735018000e+02
-3.399818185631038432e+02
-3.589771997241510917e+02
-3.395059281379718641e+02
-3.427017632532644029e+02
-3.419959093961730332e+02
-3.429906958799246013e+02
-3.539292843864874385e+02
-3.529447991533028244e+02
-3.428934350327542120e+02
-3.424080762350185410e+02
-3.379449828707913639e+02
-3.439150342771319515e+02
-3.402634822554158518e+02
-3.423261748214238764e+02
-3.526280004561608621e+02
-3.431686862281219419e+02
-3.469044152802497365e+02
-3.397205556287445347e+02
-3.469615477891269393e+02
-3.397612582615017800e+02
-3.358677420298843685e+02
-3.388546043556438008e+02
-3.582877676300513485e+02
-3.364729783877700129e+02
-3.422342846923436355e+02
-3.423203649968377249e+02
-3.352503874408056959e+02
-3.400268759208667007e+02
-3.509292474296223645e+02
-3.447143274907244859e+02
-3.521445591342086914e+02
-3.585803631090254839e+02
-3.403096161132781390e+02
-3.402520483786163368e+02
-3.424579398915665251e+02
-3.416826908509948453e+02
-3.418390861190642340e+02
-3.452243530271269947e+02
-3.376070376947135969e+02
-3.416738520580657905e+02
-3.407649037813865789e+02
-3.330655453154071211e+02
-3.416542868372360999e+02
-3.449714811298449604e+02
-3.466062627399581970e+02
-3.420656469603588903e+02
-3.390389636308563581e+02
-3.334615622887602058e+02
-3.533880356214596077e+02
-3.342917168562146344e+02
-3.384138729180981500e+02
-3.368254835265878455e+02
-3.367665156616108106e+02
-3.376889875996389492e+02
-3.397362362111387029e+02
-3.407535293902243438e+02
-3.448646224325812000e+02
-3.446713742775693277e+02
-3.410597499463757458e+02
-3.551633104710034559e+02
-3.576673891582611304e+02
-3.470496028315225772e+02
-3.461753494677320759e+02
-3.443748412634147371e+02
-3.408901349604286679e+02
-3.441466109747262863e+02
-3.413334033048488436e+02
-3.489491270971245740e+02
-3.536606503951393279e+02
-3.364497957935919885e+02
-3.393753091794102374e+02
-3.575780051211318096e+02
-3.479286068146045636e+02
-3.327284158153688622e+02
-3.487604763816484592e+02
-3.451385268109164031e+02
-3.476958917976987777e+02
-3.314759030515047016e+02
-3.550810852175274022e+02
-3.442203526290719537e+02
-3.425907467602822294e+02
-3.442479538173053015e+02
-3.398741166941976530e+02
-3.383816472354599796e+02
-3.401719940550953538e+02
-3.391785796618621021e+02
-3.400626293223742209e+02
-3.548178370414559595e+02
-3.407133577024702618e+02
-3.438151585354033841e+02
-3.448879583106124755e+02
-3.386899780958897850e+02
-3.448041679446749868e+02
-3.411881027641194919e+02
-3.421000979856484605e+02
-3.402283995704322592e+02
-3.410295697127402832e+02
-3.476135279017581752e+02
-3.327199728633957534e+02
-3.428849134514019852e+02
-3.461972981150264559e+02
-3.517622337249291604e+02
-3.396120209224412747e+02
-3.592563279198125201e+02
-3.454277969313482117e+02
-3.406371280990837818e+02
-3.531271757360701713e+02
-3.421211876809026080e+02
-3.482610831594542447e+02
-3.360372070212314384e+02
-3.386444794198890804e+02
-3.469731277153073847e+02
-3.401966146469300725e+02
-3.428185936097431750e+02
-3.479277942583921686e+02
-3.380904680764925843e+02
-3.400677122408187643e+02
-3.350334529407365380e+02
-3.432754306533290674e+02
-3.403309950850041332e+02
-3.404765380061248834e+02
-3.517244091545423998e+02
-3.591337931256238107e+02
-3.431277594867519838e+02
-3.415470292152978118e+02
-3.463527687046257597e+02
-3.415190406914400683e+02
-3.408048556635305886e+02
-3.390203261105694992e+02
-3.564155978486662661e+02
-3.380250742908017401e+02
-3.395414839587084543e+02
-3.508083536438732608e+02
-3.437345082683190185e+02
-3.369370730033018617e+02
-3.440354948270813793e+02
-3.416114375453335015e+02
-3.394799877046596066e+02
-3.425631282915405222e+02
-3.432451201431954360e+02
-3.422457321151524070e+02
-3.358630577606000998e+02
-3.553690199496471678e+02
-3.537802740254199989e+02
-3.360268371437177848e+02
-3.428690185886148356e+02
-3.453649666673087495e+02
-3.467879378276038551e+02
-3.413214169264272186e+02
-3.583745792482423553e+02
-3.421938600400346786e+02
-3.479415380571396099e+02
-3.384884110991492889e+02
-3.455015295301863603e+02
-3.398038457373276060e+02
-3.529935527895927407e+02
-3.405433802605953133e+02
-3.394885244089630305e+02
-3.399146776805189347e+02
-3.415253312594788895e+02
-3.364236967732741732e+02
-3.391190295086241804e+02
-3.403983581419768143e+02
-3.393592049837070590e+02
-3.414739448062862266e+02
-3.368722379818733543e+02
-3.404106677925734061e+02
-3.380229211966209277e+02
-3.407003100379515672e+02
-3.399872495265790917e+02
-3.430104620395588881e+02
-3.372706107086706879e+02
-3.440835284636871165e+02
-3.524500017290988580e+02
-3.524537366618720853e+02
-3.348849970835926229e+02
-3.388707275778165240e+02
-3.439072440178494503e+02
-3.434749821871226914e+02
-3.416320991176154394e+02
-3.427788712073021316e+02
-3.391578106069615615e+02
-3.388460629296689604e+02
-3.420157907791784169e+02
-3.571309344213759118e+02
-3.388134380432560420e+02
-3.453100806937007974e+02
-3.434299287933198457e+02
-3.472693422479439960e+02
-3.413254503721786932e+02
-3.402565852775034045e+02
