Model: lognorm
Real logL: -189.19600720745373
Mean sim logL: -346.32159126276207
Std sim logL: 3.561672437607488
Delta TS: 157.12558405530834
Significance: 44.11567509584223 sigma
TS_sim array:
-3.451889663449210843e+02
-3.463100792004851201e+02
-3.407619952131993841e+02
-3.458759821413291888e+02
-3.405610293324357372e+02
-3.551062209519130874e+02
-3.436851987673876465e+02
-3.457285159378870389e+02
-3.500243555893932239e+02
-3.554784343211514397e+02
-3.488595130997252909e+02
-3.470245118688826551e+02
-3.470175363525419243e+02
-3.412258341916135578e+02
-3.457943771707658698e+02
-3.487851290884425453e+02
-3.447855182241851253e+02
-3.448461714613017080e+02
-3.472055588588504520e+02
-3.456869884490773757e+02
-3.478608584802651649e+02
-3.473761964662071478e+02
-3.481375341095476870e+02
-3.484580639650355351e+02
-3.437932069609746577e+02
-3.360616163330617496e+02
-3.469649928086025170e+02
-3.471982714280644586e+02
-3.466486111735666782e+02
-3.510935757589077753e+02
-3.470750067333229936e+02
-3.440115355537718642e+02
-3.466919071139271864e+02
-3.429978327618968024e+02
-3.479566621481701532e+02
-3.433787037846403791e+02
-3.444606150315165678e+02
-3.517403378308910078e+02
-3.447926745851111718e+02
-3.423939480051948294e+02
-3.421017338365143132e+02
-3.485378132947178074e+02
-3.440971961509961830e+02
-3.452122550504140008e+02
-3.517198524515375766e+02
-3.461223590876562639e+02
-3.450069152925287881e+02
-3.448553438354622926e+02
-3.492152154878517649e+02
-3.518075989727254864e+02
-3.387651618115174870e+02
-3.418160682804548856e+02
-3.455015949616156945e+02
-3.487961502650401826e+02
-3.504360489329037591e+02
-3.497632969301426442e+02
-3.536784332031335794e+02
-3.490923224527453499e+02
-3.438301722790196209e+02
-3.456994060770340411e+02
-3.441545479618919217e+02
-3.443199485054396973e+02
-3.477804437666258650e+02
-3.432919421613790973e+02
-3.457051905037621964e+02
-3.491558171909921384e+02
-3.473824193998656824e+02
-3.460772493613665119e+02
-3.412944025556244014e+02
-3.507659519466835718e+02
-3.423584222382999087e+02
-3.519146588836402998e+02
-3.476005247911120932e+02
-3.489765117518627449e+02
-3.438316959175859893e+02
-3.424729778458876126e+02
-3.500661010235850199e+02
-3.447421460601671015e+02
-3.457406561836414198e+02
-3.482286182736536375e+02
-3.515356489553682877e+02
-3.483672508199533695e+02
-3.478389000423944708e+02
-3.429917088096279372e+02
-3.410013064817109125e+02
-3.464453822824307849e+02
-3.522868103177703460e+02
-3.477719856248074279e+02
-3.472628085593522655e+02
-3.423337486382737325e+02
-3.481872404021613079e+02
-3.434530522031421924e+02
-3.475353077013216989e+02
-3.479991933780235058e+02
-3.530632357502826721e+02
-3.479974515743116399e+02
-3.443957304492997764e+02
-3.458634994938124692e+02
-3.418797247480345050e+02
-3.447523799310719141e+02
-3.488010327121463092e+02
-3.493452492886201526e+02
-3.484013863250817167e+02
-3.436823649763837238e+02
-3.467189366608143928e+02
-3.424577445656580039e+02
-3.470600286890189636e+02
-3.532377967431026491e+02
-3.441017768801496004e+02
-3.447151953331308505e+02
-3.430855873673091878e+02
-3.487627922769893871e+02
-3.508341095851584441e+02
-3.435916488991200595e+02
-3.449579138893618619e+02
-3.441391305350343259e+02
-3.445223649447799517e+02
-3.437821952595476773e+02
-3.518671109643610180e+02
-3.440324062365407940e+02
-3.451752647308973678e+02
-3.469260361134642494e+02
-3.455801015628264850e+02
-3.420281220637734805e+02
-3.467945401770309672e+02
-3.505354229291001502e+02
-3.505776063316808404e+02
-3.524794245116316915e+02
-3.395216310390765102e+02
-3.441620682855908058e+02
-3.427088754277943963e+02
-3.431807363707347349e+02
-3.441372032718209084e+02
-3.447043547939818495e+02
-3.469690101676235940e+02
-3.435280634841161600e+02
-3.453094300800297560e+02
-3.504783336874320412e+02
-3.435500745181622051e+02
-3.402310219150063517e+02
-3.486461064032395143e+02
-3.460849340962713541e+02
-3.440761367962792292e+02
-3.414991471857887291e+02
-3.449188680921544119e+02
-3.436147254652323113e+02
-3.401302347099100416e+02
-3.397024497364291733e+02
-3.499585626349805239e+02
-3.417261212942294719e+02
-3.434841589339059738e+02
-3.414121975613213635e+02
-3.491560006279004824e+02
-3.490962663622387367e+02
-3.498458243291827330e+02
-3.520939883770537335e+02
-3.450708219566930097e+02
-3.468591007104416803e+02
-3.456466815110896960e+02
-3.442932605435788105e+02
-3.483917973340992376e+02
-3.535641595383114009e+02
-3.478471646717422345e+02
-3.390793496735051917e+02
-3.465086899040440471e+02
-3.488468377989659075e+02
-3.468357216426099399e+02
-3.510147518645642890e+02
-3.422530730812819684e+02
-3.463046113748735593e+02
-3.401427944092155258e+02
-3.446005855710359356e+02
-3.430618116992316118e+02
-3.406578709816653259e+02
-3.466268294436444535e+02
-3.415359746050404510e+02
-3.445827330780285820e+02
-3.460332065744588590e+02
-3.468574279003486254e+02
-3.477958137636376250e+02
-3.575818699499096169e+02
-3.457744022225714389e+02
-3.438255406182130400e+02
-3.445450983535214391e+02
-3.466173223208894569e+02
-3.427264676847796068e+02
-3.442291585953300341e+02
-3.452001867695870487e+02
-3.440412709157176891e+02
-3.505701785817910832e+02
-3.403088057278065435e+02
-3.478570993096888060e+02
-3.513145586955739645e+02
-3.490239129732614742e+02
-3.446521798839747817e+02
-3.541748376029242991e+02
-3.463707070410516735e+02
-3.499436223721368151e+02
-3.439735450186184949e+02
-3.453448641901210294e+02
-3.441424999600729961e+02
-3.478269669702561373e+02
-3.511172527265285908e+02
-3.469577990498295321e+02
-3.475376421565933924e+02
-3.479969575897438858e+02
-3.397265664981405280e+02
-3.418385261725331929e+02
-3.491555793039498781e+02
-3.385825520454257003e+02
-3.518106451537374824e+02
-3.483397521490338704e+02
-3.496472644133946233e+02
-3.425282155569946099e+02
-3.464276570087902769e+02
-3.480239391593326559e+02
-3.414281418306007936e+02
-3.417244094311857907e+02
-3.460479209930838920e+02
-3.470817387553798881e+02
-3.497122441080473436e+02
-3.382340582127491189e+02
-3.499014239696963955e+02
-3.487743053475468287e+02
-3.427864188061348045e+02
-3.488396620143410018e+02
-3.467810928727706141e+02
-3.471802794691824374e+02
-3.455344812353557131e+02
-3.407505600703706250e+02
-3.471007460009520287e+02
-3.495815756392470917e+02
-3.422289239885972734e+02
-3.505865696616934883e+02
-3.477541297050991034e+02
-3.453878848032305768e+02
-3.464259357894719642e+02
-3.464241603426536926e+02
-3.522528506363646557e+02
-3.381405348731656204e+02
-3.515261176562637502e+02
-3.455578484695349744e+02
-3.452272415076699872e+02
-3.410170209804434194e+02
-3.479462602107185489e+02
-3.427209969807894367e+02
-3.460709102962852057e+02
-3.456705845708071365e+02
-3.468252477908969809e+02
-3.429221301384962999e+02
-3.503636033187551675e+02
-3.456051560487964025e+02
-3.403148266396819963e+02
-3.418850557627373519e+02
-3.524067266623032992e+02
-3.393987559469370581e+02
-3.459740836532603225e+02
-3.417361040965201369e+02
-3.465293171971237030e+02
-3.421321512262244369e+02
-3.437176449223437658e+02
-3.522056227699405895e+02
-3.516357461857778617e+02
-3.429766128931656795e+02
-3.372209220140912294e+02
-3.480316387547964041e+02
-3.549764207097674102e+02
-3.540802957068071919e+02
-3.429036845467903731e+02
-3.514354430639896805e+02
-3.496657887222197019e+02
-3.519020758364613357e+02
-3.517067296017173703e+02
-3.441896922770860670e+02
-3.476425768146451674e+02
-3.424982403502197030e+02
-3.507887545530358011e+02
-3.481911751170691787e+02
-3.479186153400935382e+02
-3.467148054241375803e+02
-3.442266440852818050e+02
-3.435707605304169192e+02
-3.479629583775342780e+02
-3.473287499331399317e+02
-3.440576269807504559e+02
-3.460200446781745995e+02
-3.491815981715507178e+02
-3.476222153990469224e+02
-3.547139861255235473e+02
-3.469573166947546383e+02
-3.414720946782688884e+02
-3.470628702260835325e+02
-3.460667382798080212e+02
-3.439993415060274629e+02
-3.466384465841417750e+02
-3.524062777993106010e+02
-3.441453903943278192e+02
-3.433670151388326985e+02
-3.445299765363174629e+02
-3.458642271355772664e+02
-3.437327349506377914e+02
-3.512449629195896819e+02
-3.479941942037763738e+02
-3.452160214335202681e+02
-3.391946696490210797e+02
-3.514299410221458402e+02
-3.504120471384518396e+02
-3.467513691354946559e+02
-3.469932833894249598e+02
-3.474878341031315472e+02
-3.467106875763925586e+02
-3.493534809934889722e+02
-3.496026213759521397e+02
-3.446064177410218008e+02
-3.414860935230404948e+02
-3.465004981208699064e+02
-3.466762510860370412e+02
-3.441297658671787758e+02
-3.499348049894465476e+02
-3.518643584914965459e+02
-3.489377060598400249e+02
-3.464760332836093539e+02
-3.422834437014400351e+02
-3.434411644701809223e+02
-3.443752618819089548e+02
-3.445732096397873079e+02
-3.490636302620694664e+02
-3.521814210365103008e+02
-3.406745831920017622e+02
-3.472421167320210316e+02
-3.436932651107181300e+02
-3.475817881297573422e+02
-3.553387797020169501e+02
-3.483687817404904195e+02
-3.484756737922025991e+02
-3.496392608328201277e+02
-3.453270128964221044e+02
-3.461139088707993778e+02
-3.471495650017689059e+02
-3.468720264067595735e+02
-3.456026778003363233e+02
-3.403458607775943392e+02
-3.484837951964450440e+02
-3.448279338223778723e+02
-3.574339040131276306e+02
-3.414115359331492527e+02
-3.537225442330073975e+02
-3.447970589265751187e+02
-3.461724751012866932e+02
-3.457761041476836681e+02
-3.457889215443350395e+02
-3.484711669411917114e+02
-3.526703246241305578e+02
-3.427658655356175359e+02
-3.477390734658091560e+02
-3.501849330645418377e+02
-3.438919910531612913e+02
-3.469186624540467960e+02
-3.499011272230029022e+02
-3.472447765008860756e+02
-3.470059201921183103e+02
-3.472404372907382140e+02
-3.418365582210462890e+02
-3.503748757879694153e+02
-3.432070572864834048e+02
-3.467374273778892757e+02
-3.439719502707426955e+02
-3.457631324732282110e+02
-3.426700549300486500e+02
-3.427836228003154702e+02
-3.447757052223396386e+02
-3.479888879391941146e+02
-3.388741376772637750e+02
-3.485885150013935458e+02
-3.508010743893863719e+02
-3.458842400123256198e+02
-3.465097020924331446e+02
-3.470259064680538472e+02
-3.467978150080680280e+02
-3.466412729147145910e+02
-3.491657998206136426e+02
-3.472944823185964651e+02
-3.450664752384468557e+02
-3.413760057168174740e+02
-3.439345654767394080e+02
-3.508383905169923764e+02
-3.427561923384754436e+02
-3.534463628016804364e+02
-3.435479570974617900e+02
-3.568305903659579599e+02
-3.393902500458678446e+02
-3.524639943242486879e+02
-3.512517669083175633e+02
-3.461318524224116118e+02
-3.500969099358096628e+02
-3.450847887117178061e+02
-3.442912353667207981e+02
-3.470915075012708257e+02
-3.433371573522053382e+02
-3.466502126575303464e+02
-3.446564091063831938e+02
-3.483293440009964570e+02
-3.441063331970329955e+02
-3.434166353566685643e+02
-3.524787364696658756e+02
-3.459507654624778752e+02
-3.495404693989532916e+02
-3.443750099507093410e+02
-3.487423420081657923e+02
-3.447433644882186172e+02
-3.467822007727039590e+02
-3.414399093393770386e+02
-3.460578748761845418e+02
-3.445344460690330379e+02
-3.459259766563444600e+02
-3.468903233454735755e+02
-3.427228760999147426e+02
-3.502046189849873485e+02
-3.481658435913636822e+02
-3.498859742713722198e+02
-3.435528600403540622e+02
-3.485652441130671377e+02
-3.465972383683349562e+02
-3.476032654217696631e+02
-3.427526595175373245e+02
-3.441506801677836052e+02
-3.455675584828573506e+02
-3.400991199671419736e+02
-3.478273726457495059e+02
-3.444302737325962198e+02
-3.480195080007459296e+02
-3.466989894515331798e+02
-3.511693727244362435e+02
-3.460850575420996051e+02
-3.471750432556912074e+02
-3.495093841351207402e+02
-3.490882461417095328e+02
-3.509523424430967680e+02
-3.438611459802590389e+02
-3.467706809915453618e+02
-3.493080483236961413e+02
-3.463821930305959995e+02
-3.462723386577119413e+02
-3.477148012073159862e+02
-3.412407049587648089e+02
-3.433340836795051132e+02
-3.460976116839133283e+02
-3.479932696738234768e+02
-3.459870791026912684e+02
-3.433141608433884358e+02
-3.399074386758797459e+02
-3.537493480243317663e+02
-3.458195777942987661e+02
-3.418611243183387387e+02
-3.489615080472879640e+02
-3.519756064786729439e+02
-3.453406112669998720e+02
-3.504482668759837907e+02
-3.485875429033587807e+02
-3.400740620080354120e+02
-3.426636733856323076e+02
-3.503819744085899401e+02
-3.453957898477981985e+02
-3.420823730902883995e+02
-3.406392265328264557e+02
-3.410988338583456994e+02
-3.457474651639874992e+02
-3.401058437040179570e+02
-3.526078197924801998e+02
-3.470663657577172785e+02
-3.488630367974256501e+02
-3.352978947259966844e+02
-3.473411012876989616e+02
-3.374502360023842584e+02
-3.504039128602491928e+02
-3.529303717720175655e+02
-3.415977516451212068e+02
-3.455743323985213920e+02
-3.384916133905873039e+02
-3.485773473553146005e+02
-3.489920511480745517e+02
-3.487125558011521207e+02
-3.468228381743876980e+02
-3.418183992361534820e+02
-3.475866758049340888e+02
-3.437455691899658063e+02
-3.400304003360278102e+02
-3.542725143555591671e+02
-3.434646684883839498e+02
-3.514144737641501024e+02
-3.491812228098984860e+02
-3.467548884157105817e+02
-3.517605565404940648e+02
-3.443238790501329731e+02
-3.480303392967601326e+02
-3.459341810541549194e+02
-3.477218543762592162e+02
-3.492128181629294090e+02
-3.444431342133868270e+02
-3.485870333440297486e+02
-3.474929274529368968e+02
-3.523056471533031413e+02
-3.503863034218525172e+02
-3.537799336957241394e+02
-3.438376989466272562e+02
-3.471391986999102528e+02
-3.493704689160143744e+02
-3.484119884886264913e+02
-3.438494901360770086e+02
-3.504716766091823956e+02
-3.469897696284887161e+02
-3.425164337664137975e+02
-3.487398844164227967e+02
-3.497441077410921366e+02
-3.437571168459570572e+02
-3.470303137159023663e+02
-3.484992533181103909e+02
-3.441087930687707512e+02
-3.465924151613986623e+02
-3.474804331006015445e+02
-3.467207902494706104e+02
-3.494027992026062748e+02
-3.476823032903556623e+02
-3.454561733091960605e+02
-3.507283405961966878e+02
-3.448235258646431589e+02
-3.451653139629728457e+02
-3.440034997028560610e+02
-3.443913606224164141e+02
-3.477902828739343022e+02
-3.478367922906326157e+02
-3.456623432616092941e+02
-3.396799671504943490e+02
-3.478261341008351337e+02
-3.479695912477930051e+02
-3.461536364127902061e+02
-3.423998642811207560e+02
-3.454157597583867982e+02
-3.447163023104551485e+02
-3.428081412058058390e+02
-3.500431271199784646e+02
-3.471226654474957058e+02
-3.432821510273403192e+02
-3.468500392123229972e+02
-3.445081254824488042e+02
-3.407821554787307150e+02
-3.421116642637657037e+02
-3.500633411938208610e+02
-3.454613842180992265e+02
-3.454500234442680267e+02
-3.442487287135158454e+02
-3.517026840854338730e+02
-3.448620839002827552e+02
-3.463879950471593929e+02
-3.431663761306890592e+02
-3.473743203854555759e+02
-3.448910432852260897e+02
-3.499780778754122821e+02
-3.484535553178924374e+02
-3.585065914240330471e+02
-3.434366454716306976e+02
-3.516260208717785645e+02
-3.450745673837067216e+02
-3.425781764633785542e+02
-3.525651833154711312e+02
-3.405298989373061431e+02
-3.449935176116667890e+02
-3.444277471310956571e+02
-3.442266618426655214e+02
-3.474527067167455812e+02
-3.529883283297443768e+02
-3.482209390459414635e+02
-3.455206151059257991e+02
-3.469679977131564783e+02
-3.482028972303518231e+02
-3.402521064175631977e+02
-3.425013725735365711e+02
-3.451692352609649674e+02
-3.490349894553104377e+02
-3.481823172497296923e+02
-3.511620943366289680e+02
-3.452844044607531941e+02
-3.456750975907295924e+02
-3.481613733176191658e+02
-3.416931556006582014e+02
-3.503538223945353138e+02
-3.471206171278351462e+02
-3.455418755219819786e+02
-3.457092326051621285e+02
-3.470137318539621560e+02
-3.398239787272263470e+02
-3.452747514752130655e+02
-3.445208260257655866e+02
-3.422395861854250825e+02
-3.411854255526296811e+02
-3.475113050335110074e+02
-3.401043080451532887e+02
-3.467900145192996320e+02
-3.440916472707703520e+02
-3.529555384834936831e+02
-3.445501043362518203e+02
-3.455781568733256108e+02
-3.448148218132827765e+02
-3.473487029340745949e+02
-3.501811907898695608e+02
-3.441373883554504687e+02
-3.480166471414664784e+02
-3.487042007895239522e+02
-3.427055922807779780e+02
-3.533587326516242229e+02
-3.451819314475651481e+02
-3.474100635912502639e+02
-3.503918552715628039e+02
-3.399071164505426736e+02
-3.414560218304245041e+02
-3.439246362116111868e+02
-3.451181759105892866e+02
-3.460192452174686082e+02
-3.427267846425901325e+02
-3.439261664143425605e+02
-3.509329386299063458e+02
-3.526273245978360364e+02
-3.456391204195418254e+02
-3.421594768037750782e+02
-3.485125131919277237e+02
-3.442484008565890576e+02
-3.486646919286826005e+02
-3.422576402343233894e+02
-3.392711270927521809e+02
-3.472833765689671282e+02
-3.464534549340396552e+02
-3.496309270021129123e+02
-3.480248169083770335e+02
-3.453143951841907437e+02
-3.460934404501861650e+02
-3.500174313708346858e+02
-3.440143364592432818e+02
-3.442983570642505811e+02
-3.476916146063025508e+02
-3.467570575747597559e+02
-3.485560891716708056e+02
-3.479189240457131973e+02
-3.453299588890361065e+02
-3.448870515315277316e+02
-3.490416619076382290e+02
-3.469898509607475034e+02
-3.469464492628957828e+02
-3.450608242754433377e+02
-3.472254404568159885e+02
-3.427930571179065282e+02
-3.413450139782171391e+02
-3.464098502948523901e+02
-3.476255071111336292e+02
-3.430236392433499759e+02
-3.408171118372786736e+02
-3.471300050422179879e+02
-3.525805875909875340e+02
-3.470802898485784453e+02
-3.460191103060470255e+02
-3.490999432604281196e+02
-3.497568662923569036e+02
-3.417451031308053189e+02
-3.415495881777067098e+02
-3.410341851243281326e+02
-3.443712295852223519e+02
-3.491080972230947737e+02
-3.469035175110072942e+02
-3.475622308597061760e+02
-3.434727095996072990e+02
-3.540359090717277013e+02
-3.422663415048231172e+02
-3.446678707161180455e+02
-3.512701463679165954e+02
-3.496811154126455676e+02
-3.454487091415180657e+02
-3.479220868911357911e+02
-3.500436214267448918e+02
-3.403941175224370568e+02
-3.481234823613160643e+02
-3.515886651865177441e+02
-3.448207356277904978e+02
-3.461696387545048310e+02
-3.459900904522168048e+02
-3.434742645792337044e+02
-3.504229141246231620e+02
-3.448741071726995528e+02
-3.478483598299132495e+02
-3.463181060326875809e+02
-3.383831690419671077e+02
-3.432472427097466152e+02
-3.532864072606961372e+02
-3.400407709095761106e+02
-3.414539455736653508e+02
-3.451190261586152701e+02
-3.443992307065889236e+02
-3.491383902908584673e+02
-3.495550755472766014e+02
-3.444517294545019013e+02
-3.456003195361629423e+02
-3.528423013910252166e+02
-3.510679289074897724e+02
-3.457207039868979450e+02
-3.435460768489447219e+02
-3.510691519570137871e+02
-3.406949671462848528e+02
-3.462591937498490324e+02
-3.538216403488389687e+02
-3.474998431258042615e+02
-3.414060592664489491e+02
-3.495241472311684561e+02
-3.408595882254134040e+02
-3.446930648465527156e+02
-3.469894200891571927e+02
-3.461516767340596061e+02
-3.480165901954497940e+02
-3.518629329123263005e+02
-3.413776087713761171e+02
-3.438743616001784744e+02
-3.457982497147932577e+02
-3.485417470180108239e+02
-3.492154353243731180e+02
-3.390307392131941242e+02
-3.451949202967560950e+02
-3.360396101547249259e+02
-3.445551327103320887e+02
-3.477907557507234628e+02
-3.466204329736932550e+02
-3.488855548656609358e+02
-3.397755210939466224e+02
-3.403311727154822393e+02
-3.468152450113950636e+02
-3.463396789498840462e+02
-3.444386102657313131e+02
-3.474204659594221880e+02
-3.454831736839797713e+02
-3.407441594708750472e+02
-3.520812184962194351e+02
-3.494424203190831122e+02
-3.476417925719405275e+02
-3.426209136178740096e+02
-3.460947530067248294e+02
-3.445917419504398822e+02
-3.464913005242473218e+02
-3.499199139436207702e+02
-3.484626020842242724e+02
-3.447810636847142405e+02
-3.424977800191531969e+02
-3.466834758947215391e+02
-3.516528813346234870e+02
-3.470247489713573827e+02
-3.475239343028595727e+02
-3.451262764566342298e+02
-3.438541952149248573e+02
-3.477863319497381553e+02
-3.451577954462514981e+02
-3.447965565129569541e+02
-3.475419962627554469e+02
-3.461067953205143795e+02
-3.442819125143446399e+02
-3.437396142380434867e+02
-3.459990091229761902e+02
-3.442347435526173740e+02
-3.479716365935930753e+02
-3.386222595402199431e+02
-3.491893375153853754e+02
-3.453389685388643784e+02
-3.486138336277136887e+02
-3.475254697796150936e+02
-3.455547437067760370e+02
-3.428559369047885639e+02
-3.436802481577279309e+02
-3.524749633342017319e+02
-3.419783297194223337e+02
-3.478792942603285496e+02
-3.453600441961248180e+02
-3.498203061020452651e+02
-3.427275519003133013e+02
-3.416131777239495477e+02
-3.444072889187184501e+02
-3.490875651440060210e+02
-3.442248748268204963e+02
-3.472117967938201559e+02
-3.455206162095494165e+02
-3.445557088884910399e+02
-3.408517495944635698e+02
-3.462071383072409390e+02
-3.454801926341368699e+02
-3.491615925078427836e+02
-3.503920858681061077e+02
-3.428304904108856590e+02
-3.443916724723375182e+02
-3.505844237515261739e+02
-3.480118284001076177e+02
-3.479157592977260265e+02
-3.440716772753354462e+02
-3.467215607709185861e+02
-3.466147362936505942e+02
-3.503454733595540347e+02
-3.429227862853348938e+02
-3.441315153626625829e+02
-3.424501519629509403e+02
-3.384428213001443737e+02
-3.413548099292030429e+02
-3.457499667462589059e+02
-3.423296662091558460e+02
-3.471010523406306447e+02
-3.428415226821817328e+02
-3.505418495377561499e+02
-3.489726981382511894e+02
-3.519200171338610517e+02
-3.414494199875365439e+02
-3.485269622550666782e+02
-3.527862467068113688e+02
-3.407817709799597310e+02
-3.431275454391932840e+02
-3.449760521344572908e+02
-3.515381345664596324e+02
-3.502514726263593730e+02
-3.443419805612054461e+02
-3.450135482248051630e+02
-3.437192249795164116e+02
-3.419918373203765896e+02
-3.460011164582219294e+02
-3.476154408671375222e+02
-3.517113653376505340e+02
-3.508023342921947005e+02
-3.457313787452440579e+02
-3.440012633074857149e+02
-3.477900831883761157e+02
-3.484793034593583343e+02
-3.441054425923311442e+02
-3.451988286332481266e+02
-3.486199912477795237e+02
-3.499454866375685924e+02
-3.448095690945636989e+02
-3.453674846161773075e+02
-3.446142660042547732e+02
-3.442164373290147523e+02
-3.489258101863019874e+02
-3.454968930396058227e+02
-3.441243447456438957e+02
-3.436384479744328360e+02
-3.479994979579778374e+02
-3.438272115378778722e+02
-3.526237082466242327e+02
-3.410927889706547944e+02
-3.431117946235105478e+02
-3.464936782223443856e+02
-3.413971677215732825e+02
-3.449654391293748859e+02
-3.422460062047472888e+02
-3.417507983971908629e+02
-3.486099245107104707e+02
-3.550447360734738709e+02
-3.505983539351212812e+02
-3.455399925721254704e+02
-3.514709649072821094e+02
-3.479999511533343934e+02
-3.440567065468715100e+02
-3.494057725020584826e+02
-3.501849773028507116e+02
-3.470066207820052000e+02
-3.444639014597290725e+02
-3.522666720877301145e+02
-3.562279744893855877e+02
-3.516817820309075273e+02
-3.434489931889640957e+02
-3.465282905858817912e+02
-3.433814248861261831e+02
-3.450971686378221079e+02
-3.433577893733655628e+02
-3.519712421118925363e+02
-3.441972506680803008e+02
-3.528002160329941148e+02
-3.488342998566689062e+02
-3.479827996897701610e+02
-3.443186686734155728e+02
-3.501556320280354839e+02
-3.393327322684662590e+02
-3.433885664429560620e+02
-3.451166039120599862e+02
-3.533840858872007402e+02
-3.378238149279923732e+02
-3.445225800789501136e+02
-3.422168828936042928e+02
-3.449710481977425047e+02
-3.480164307663488330e+02
-3.430051835644095490e+02
-3.395170649669618683e+02
-3.445729143306105016e+02
-3.493763294922693490e+02
-3.436742355469268659e+02
-3.470011894176643636e+02
-3.483293395693422099e+02
-3.471414846369540896e+02
-3.495563424303904867e+02
-3.478486126641536202e+02
-3.436483063838266503e+02
-3.459482504877311158e+02
-3.453333571543204812e+02
-3.466664618692149133e+02
-3.475802788153882830e+02
-3.472157092428709007e+02
-3.457994632853055919e+02
-3.514446333413098955e+02
-3.441189226806367287e+02
-3.464018039893825289e+02
-3.538255468908982380e+02
-3.478709549763970017e+02
-3.517440600257833694e+02
-3.448853450152201390e+02
-3.431686222641397421e+02
-3.439454211474645717e+02
-3.440464588766120642e+02
-3.400294682662640184e+02
-3.463371894070388635e+02
-3.444626861372764779e+02
-3.506748724089479765e+02
-3.545614938895770933e+02
-3.509174289807026526e+02
-3.425524139486125819e+02
-3.473538820744385021e+02
-3.483435056842556037e+02
-3.463578338609944467e+02
-3.415880562570397387e+02
-3.391148712666339975e+02
-3.472150848162525563e+02
-3.480938211650008043e+02
-3.472001966837394775e+02
-3.449903240280058299e+02
-3.462170277423552420e+02
-3.428241691060169956e+02
-3.477012120937507120e+02
-3.481553532983642754e+02
-3.457353221188701582e+02
-3.452682207130791312e+02
-3.523068226045634219e+02
-3.519916487085789640e+02
-3.458107653450271073e+02
-3.478039647859859542e+02
-3.417146480859521489e+02
-3.509052295326819149e+02
-3.466277426592338884e+02
-3.436819664561290892e+02
-3.511702413732464265e+02
-3.477179324920036834e+02
-3.419494561223187361e+02
-3.413670076892386760e+02
-3.471411546996432094e+02
-3.444656894623220751e+02
-3.492579927635594572e+02
-3.496593135305803912e+02
-3.442425599890336798e+02
-3.476415824962001579e+02
-3.475680297752658703e+02
-3.539443716766375019e+02
-3.472258322918390263e+02
-3.490240198495961863e+02
-3.466252651130193385e+02
-3.429426931026528109e+02
-3.442143805453155778e+02
-3.473566172244439940e+02
-3.447364982267722553e+02
-3.476646658348216761e+02
-3.405477348045420740e+02
-3.444442933914239120e+02
-3.399887450708888537e+02
-3.448517449273224429e+02
-3.417317742755638506e+02
-3.455147846200729873e+02
-3.498983354449966896e+02
-3.465100235193768867e+02
-3.498254822206772587e+02
-3.433722168920780291e+02
-3.504106546740366070e+02
-3.436762868488499407e+02
-3.530918057464719482e+02
-3.525236104352297843e+02
-3.510068647543438374e+02
-3.493800518281555583e+02
-3.436014487677533680e+02
-3.497461094544786988e+02
-3.426163165121091652e+02
-3.476110919810853375e+02
-3.492879522571265625e+02
-3.390112639651222253e+02
-3.447958541950811195e+02
-3.477982533135310632e+02
-3.483180495704189070e+02
-3.450981213923701034e+02
-3.477481594811765149e+02
-3.415977113558358269e+02
-3.509475673881125886e+02
-3.485615185009953620e+02
-3.485332376853465917e+02
-3.463185496012321209e+02
-3.523266111737091251e+02
-3.485767479278630390e+02
-3.452509657643407763e+02
-3.480332112290640794e+02
