Model: gaussian
Real logL: -2354.7043137579067
Mean sim logL: -1847.9740700647787
Std sim logL: 294.1300130620022
Delta TS: -506.73024369312793
Significance: -1.7228103940086859 sigma
TS_sim array:
-1.918619668017276126e+03
-1.917372433298179203e+03
-1.922250238019776589e+03
-1.927715895775986155e+03
-1.927236581619947174e+03
-1.948578575226044904e+03
-1.934685660133969577e+03
-1.931268927294416017e+03
-1.930890465227932964e+03
-1.943040773501594686e+03
-1.929848751832899779e+03
-1.924608715592219824e+03
-1.928492598404458931e+03
-8.160651004436185758e+02
-1.932721007167112020e+03
-1.904382929470857334e+03
-1.964392764775190244e+03
-1.938688804445386268e+03
-1.907604106310133375e+03
-7.072589343232586998e+02
-1.901072217591906792e+03
-1.929454133409822362e+03
-1.944116493124902036e+03
-7.920884510717528428e+02
-1.935708511982097207e+03
-1.918760030368323442e+03
-1.940414143459240904e+03
-1.938145571326064555e+03
-1.917155944739664392e+03
-1.916013470471065830e+03
-1.950328143113495571e+03
-1.924115297720365106e+03
-1.923634526352214380e+03
-1.933930401820106681e+03
-1.923424012478832310e+03
-1.917440540172560986e+03
-1.908948260013206436e+03
-1.969443660162469996e+03
-1.917029163777895064e+03
-1.933312924676149123e+03
-1.954038176438603159e+03
-1.923582714054906546e+03
-1.901402591777437010e+03
-1.940981254328074783e+03
-1.929043796306774766e+03
-1.926720064774727234e+03
-8.409962033665608487e+02
-1.929532995800052504e+03
-1.910021935721058071e+03
-1.938531676874526966e+03
-1.956184338039541444e+03
-1.900817792642531003e+03
-1.909160949683373019e+03
-1.916400814084599915e+03
-1.941255254398025045e+03
-1.929868891506107502e+03
-1.937515499023078746e+03
-1.936973664522352692e+03
-1.926477709485727928e+03
-8.102936862719981264e+02
-1.920731263060678430e+03
-1.950301075095932902e+03
-1.945969478340110300e+03
-1.920058465778921118e+03
-1.934312722331383611e+03
-1.922210037036417589e+03
-1.932356714128919975e+03
-1.945707932482670458e+03
-1.944484661595734906e+03
-1.928158454667331171e+03
-1.959772718088720467e+03
-1.902451166173766296e+03
-1.916655301872440759e+03
-1.920620519705938477e+03
-1.939303787725022175e+03
-1.936395837227717948e+03
-1.957858423521250188e+03
-1.931465315463671004e+03
-1.946052874193786920e+03
-1.920706951464535223e+03
-1.956604272001057780e+03
-1.938408933479629013e+03
-1.945190491574549696e+03
-1.944329853058942717e+03
-1.933359241797222239e+03
-1.950165894258146636e+03
-1.907057239404492520e+03
-1.927388786841725505e+03
-1.932977357616314293e+03
-1.933257584695212017e+03
-1.940427608093500567e+03
-1.933240228617760295e+03
-1.937526282936124971e+03
-1.921043463936808166e+03
-1.936906428509833631e+03
-1.933385377077614066e+03
-1.937955168057733317e+03
-1.938046635024799798e+03
-8.025299051208814944e+02
-1.939988129087986408e+03
-1.931427602540545649e+03
-1.890574395900676336e+03
-1.934276506979945452e+03
-1.941436046952534070e+03
-1.922701465386309565e+03
-1.938038508717576860e+03
-1.960689640795219930e+03
-1.905364006835694909e+03
-1.930738358126014646e+03
-1.956000036498722693e+03
-7.921388403615117113e+02
-1.942268936222850698e+03
-1.949682411462630853e+03
-1.912952578791040651e+03
-1.906864572707412663e+03
-1.943173796183165450e+03
-1.886706044903920429e+03
-1.926515314431857405e+03
-1.929107408615398981e+03
-1.955971626100563299e+03
-1.926152329865722550e+03
-1.952997184725184752e+03
-7.767672599996108147e+02
-1.959106438532848415e+03
-1.975039568519235218e+03
-1.920070479999216786e+03
-1.924851551592408669e+03
-1.920514815252043718e+03
-1.930984207290450740e+03
-1.930012550223631024e+03
-1.932929750204432821e+03
-1.907723827184607217e+03
-1.898695482129242691e+03
-1.962451333878965215e+03
-1.902075649845902717e+03
-1.930565832268413942e+03
-1.923024996467049050e+03
-1.928602404047742766e+03
-1.951310328752555279e+03
-1.920482726937794041e+03
-1.917697070417892064e+03
-1.931768239477174802e+03
-1.934915019842315360e+03
-1.920704957607426650e+03
-1.898308684455512321e+03
-1.941688843631903637e+03
-1.906785348020626770e+03
-1.925350448302970335e+03
-1.898134001934368825e+03
-1.925525205390398241e+03
-1.917577544255982048e+03
-1.968944118500482546e+03
-7.827610691859839562e+02
-1.930238035960522211e+03
-1.960872310222089482e+03
-1.919415247045717251e+03
-1.921366067118930232e+03
-1.963437671915614374e+03
-1.918161580876694188e+03
-1.923009158656298951e+03
-1.922533187144435033e+03
-1.932538895653660347e+03
-1.911298901815146110e+03
-1.922053155924521661e+03
-1.932103080923206790e+03
-1.949200255951821873e+03
-1.916475128384712434e+03
-1.892716992044752715e+03
-1.920504486294664275e+03
-1.914459956354261521e+03
-1.950790441297983534e+03
-1.940394229785882089e+03
-1.899814890991507809e+03
-1.957937405767972905e+03
-1.920584588584055155e+03
-1.940975184825075758e+03
-1.931043498681810206e+03
-1.924184449464642967e+03
-1.947233087535516006e+03
-1.938015221941953541e+03
-1.931180211328859059e+03
-7.632012875008690571e+02
-1.935417089272607882e+03
-1.927723526182641763e+03
-1.924927059830448798e+03
-1.903123653675277865e+03
-1.937168954363891316e+03
-1.955394149694935550e+03
-1.913068705570485236e+03
-1.931518667470103537e+03
-1.930720870549714164e+03
-1.928185132343812711e+03
-1.406401956742371112e+03
-1.947064278489233629e+03
-1.921790904856756697e+03
-1.977864246459308333e+03
-1.933004312531930736e+03
-6.960178962478867106e+02
-1.920005796452435334e+03
-1.937655516016505999e+03
-1.952553578008892146e+03
-1.950808432619387531e+03
-1.935038978113559551e+03
-1.911280150714554566e+03
-1.901147432847629261e+03
-1.934640449523850748e+03
-1.913191225689988642e+03
-1.939402106435827363e+03
-1.937678845145637752e+03
-1.912087650274359930e+03
-1.938037373023200871e+03
-1.916507260092953857e+03
-1.940579710241629527e+03
-1.935617961752812334e+03
-1.929705099939030333e+03
-1.921483904682562525e+03
-1.940539530053802537e+03
-1.952411876097700315e+03
-1.945147668781540915e+03
-1.919864673761380345e+03
-1.915772966516418819e+03
-1.930742542569213128e+03
-1.912151910642822259e+03
-1.916258879036562121e+03
-1.937616514513216316e+03
-1.910838372466659621e+03
-1.915877505765714886e+03
-1.934604949504687056e+03
-1.930781046727361627e+03
-7.571643182420294806e+02
-1.927596393731306534e+03
-1.927575909681803751e+03
-1.895900435511885007e+03
-1.941378130900685392e+03
-1.933702252167668121e+03
-1.919562043672051459e+03
-1.912428596465158080e+03
-1.918213050271770726e+03
-1.951171767127226303e+03
-1.965020228480520018e+03
-1.927991623486482922e+03
-1.919980995722868101e+03
-1.945235891395677754e+03
-1.909766890259324555e+03
-1.925975619763850773e+03
-1.914031191698636121e+03
-1.936461677240185736e+03
-1.935930480405148728e+03
-1.900743551886147543e+03
-1.951914295023563227e+03
-8.144228171202231579e+02
-1.918897282705811449e+03
-1.921752427413985515e+03
-1.963761099300711521e+03
-1.909447670798089803e+03
-1.933923325158668149e+03
-1.938830930084981446e+03
-1.916669734960627466e+03
-7.447187221542907309e+02
-1.940673344639951665e+03
-1.960564084175830430e+03
-1.929724005475881768e+03
-1.913393561990998478e+03
-7.589998488121759692e+02
-1.944266501560921142e+03
-8.373669285534806477e+02
-1.913561513534313008e+03
-1.905962768518567827e+03
-1.926450097218330484e+03
-6.777592234241703864e+02
-1.904837344393093645e+03
-1.961701581696023823e+03
-1.950786202294973918e+03
-1.964084291358411065e+03
-1.910744197397684502e+03
-1.909020225332252494e+03
-1.923823322376338865e+03
-1.942486302387992055e+03
-1.918121925897867186e+03
-1.921776299532385110e+03
-1.926942805602077897e+03
-1.962801304506942870e+03
-1.918683022871029834e+03
-1.912417560373682591e+03
-1.901070150316220179e+03
-1.920918030480536800e+03
-1.963741686631835137e+03
-1.937582399239995993e+03
-1.951001207948579577e+03
-1.910349894909481009e+03
-1.898333456846248282e+03
-1.945044153889182326e+03
-1.934657814101363101e+03
-1.940209535394537852e+03
-1.931281732957011172e+03
-1.966021789597418774e+03
-7.608049758556473989e+02
-1.951769331556359703e+03
-1.940307717769593182e+03
-1.924172147756023151e+03
-1.933723674501949745e+03
-1.936625848001190207e+03
-1.931247830306209380e+03
-1.929399419436932021e+03
-1.930495150520921470e+03
-1.932734821390846719e+03
-1.931526345026949457e+03
-1.930203858688039418e+03
-1.937803687818714707e+03
-1.937642736476421305e+03
-8.453936293690386492e+02
-1.966984595387891886e+03
-1.910031137030433911e+03
-7.975567968755892707e+02
-1.952902442316136785e+03
-1.931416976204297725e+03
-1.929722507880562716e+03
-1.914011131770129396e+03
-1.918118479448556627e+03
-1.928574588552426121e+03
-1.929535645958420446e+03
-1.930839863624032205e+03
-1.918356991644262052e+03
-1.940538509625088409e+03
-1.918497829800771342e+03
-1.921117964944201958e+03
-1.901141646938071972e+03
-1.900659161018047826e+03
-1.912628871891480685e+03
-1.928807085301327106e+03
-1.926467691292112931e+03
-1.928052463069063151e+03
-7.290355240845060507e+02
-1.909815888489441704e+03
-1.924006446813722732e+03
-1.919835491097147724e+03
-1.940862605591219108e+03
-1.930811412539208959e+03
-1.961743251124879180e+03
-1.941420745548132800e+03
-1.961015587605427754e+03
-1.959347618846433761e+03
-1.916153916161366624e+03
-1.917882339157864408e+03
-7.578235583578152728e+02
-1.946565068027971847e+03
-1.958104416330215372e+03
-1.930608033119769516e+03
-1.912015910027374730e+03
-1.934653176911088394e+03
-1.936359323911437968e+03
-8.098276942972245251e+02
-1.912934582996224435e+03
-1.937377066846204798e+03
-1.915876452821374187e+03
-1.921854773927976566e+03
-1.892872109348564209e+03
-1.920287126486904526e+03
-1.913805906409793806e+03
-1.951612632796000526e+03
-1.910961236470719768e+03
-1.917285168175319313e+03
-1.911251084712198917e+03
-1.930354593070549981e+03
-1.964858312919137461e+03
-1.952232985272749147e+03
-1.933032825291859126e+03
-1.910736991180690666e+03
-1.943310716251607118e+03
-1.952891278617822991e+03
-1.959593913754345067e+03
-1.946072013758529465e+03
-1.893390154496307787e+03
-1.935097807167377823e+03
-1.920696394489937575e+03
-1.932365686927715160e+03
-1.915533423534474423e+03
-1.961434937736114534e+03
-1.933217664397142244e+03
-1.931275873728414126e+03
-1.907510546853771302e+03
-1.927985236015736291e+03
-1.937526908748720871e+03
-1.912302825874375912e+03
-1.916974745497795766e+03
-1.903527767031677740e+03
-1.940567804453990448e+03
-1.929722681324142059e+03
-1.957459984017043553e+03
-1.930039401946209864e+03
-1.924303434523740862e+03
-1.927393415472082779e+03
-1.928949069517972930e+03
-1.934183726091829158e+03
-1.971255053326184679e+03
-1.933202881661006131e+03
-1.925766729455968289e+03
-1.922986289576148693e+03
-1.927944808110062695e+03
-1.913540633662953951e+03
-1.911741125939702897e+03
-1.930381338786786273e+03
-1.919402764921125254e+03
-1.925948795565008368e+03
-1.925115223561112998e+03
-1.928880379431088159e+03
-8.474522069672832458e+02
-1.918623018477431742e+03
-1.948079851051171090e+03
-1.941963682585788774e+03
-1.926897280862476237e+03
-1.955681306697929358e+03
-1.931427562229748673e+03
-7.832147721007844439e+02
-1.922908906454330918e+03
-8.312689984253561306e+02
-1.967283631604439506e+03
-1.937936255870202785e+03
-1.938520062954273953e+03
-1.933536041098895566e+03
-1.914137626888367549e+03
-1.941408712089897790e+03
-1.906193252955542675e+03
-8.713215267838644422e+02
-1.941183715562500993e+03
-1.940580050501632059e+03
-1.927725371612262279e+03
-1.915022443128911618e+03
-1.943294614870593705e+03
-1.939829797582509855e+03
-1.909422073274977947e+03
-1.922579965264674911e+03
-1.921815055100180871e+03
-1.925559020374976171e+03
-1.926102424898512254e+03
-1.969909063789522861e+03
-1.943750019582318146e+03
-1.361402296490591652e+03
-1.936410959208528084e+03
-1.928465033192326473e+03
-1.927269065159206775e+03
-1.936983448674185183e+03
-1.928330892083544313e+03
-1.909751773954669716e+03
-1.942456088781509607e+03
-1.914384775268971225e+03
-1.933276832168099645e+03
-1.935036056751575870e+03
-1.923801293089332830e+03
-1.926782799563668505e+03
-1.913109864997624982e+03
-8.613270985641574953e+02
-7.579177009647235082e+02
-1.937721934939168250e+03
-1.942922124530424071e+03
-7.432406532876497067e+02
-1.914757199632141464e+03
-1.900346588058881025e+03
-1.961888239327310885e+03
-1.934319117646251016e+03
-1.963805930693747086e+03
-1.926747388672153420e+03
-1.935804493707809570e+03
-1.914056166189170199e+03
-1.915708916894218646e+03
-7.788493990146882879e+02
-1.955407627577402991e+03
-1.932859950765837766e+03
-1.957293326059283800e+03
-1.905891501092600038e+03
-1.935340609060623819e+03
-1.927196481957762444e+03
-1.951871937346773393e+03
-1.920802473654204277e+03
-1.939924605061533612e+03
-1.934900206406507095e+03
-1.948538487013506256e+03
-1.917516534842142846e+03
-1.919381381257655221e+03
-1.962533221672319996e+03
-1.909896102635746047e+03
-1.943065822694813278e+03
-1.944838694561857210e+03
-1.945974608167318820e+03
-1.927400518222215396e+03
-1.898757267392319591e+03
-1.915836956362380079e+03
-1.957207791487202485e+03
-1.917892266046917484e+03
-6.498333168489768923e+02
-1.920540790237098918e+03
-1.946256770284149752e+03
-1.901999862803827000e+03
-1.919547054267291514e+03
-1.883563801585857163e+03
-1.960698374136424036e+03
-1.943113061002062977e+03
-1.928749706699871012e+03
-1.923442157672689746e+03
-1.958703193559221290e+03
-1.947056824725504612e+03
-1.914756969070951527e+03
-1.865428962816258490e+03
-1.908027098835905917e+03
-1.933090963020496474e+03
-1.891735450990004665e+03
-1.907948465043248689e+03
-1.936990891894398601e+03
-1.948677829098775646e+03
-1.928855227026853754e+03
-1.949376553509518317e+03
-1.916193987712249509e+03
-7.709407570182235077e+02
-1.919797598742717582e+03
-1.898964741705670122e+03
-1.936446498406441151e+03
-1.933672314200949359e+03
-1.935943898547859135e+03
-1.907157330821442656e+03
-1.938510294376424554e+03
-1.947918848798914041e+03
-1.935396227327139968e+03
-1.928605110193057726e+03
-1.938155088046447418e+03
-1.968701342639774111e+03
-1.908527105943517427e+03
-1.939730268535563482e+03
-8.286955812465572535e+02
-1.942367315193144805e+03
-1.967324485445060873e+03
-1.928531722974999866e+03
-1.943061102874709832e+03
-1.953520162120529449e+03
-1.930703263543191497e+03
-1.916897343620971469e+03
-8.561798409166208330e+02
-1.132449092721566103e+03
-1.918230897321171369e+03
-1.916249656823518990e+03
-1.944182408750611785e+03
-1.930003976928063139e+03
-1.914017759912579095e+03
-1.951229276353396926e+03
-1.934779000513076426e+03
-1.935016226077277224e+03
-1.910023733540708918e+03
-1.928113011240797277e+03
-1.916359431345822941e+03
-1.920336216427246200e+03
-1.902965409835095670e+03
-1.926674099355216185e+03
-1.932725359478360588e+03
-1.938041680083279516e+03
-1.926815607198131829e+03
-1.943391619912984879e+03
-7.510285240094627852e+02
-1.905625277853443322e+03
-1.941514281700937318e+03
-1.923838946304240380e+03
-1.942306820313433036e+03
-1.923790753246053100e+03
-1.926367897007383363e+03
-1.969404461209086776e+03
-1.944394270070354196e+03
-1.934059544528754941e+03
-1.914111900950608060e+03
-7.716232324798945683e+02
-1.942241619908438906e+03
-1.916863318405730752e+03
-1.947109487065245276e+03
-1.921958321018240440e+03
-1.930294106305660080e+03
-1.947365944897674581e+03
-1.923151847919329839e+03
-1.933875054496658095e+03
-1.921363138783146496e+03
-1.922817476682516826e+03
-1.936124730450883590e+03
-1.948933014851003236e+03
-1.932619988044762522e+03
-1.893739879493300123e+03
-1.927387015775251484e+03
-1.944158188930240613e+03
-8.177338595285548308e+02
-1.917707427711788796e+03
-1.934318568320131817e+03
-1.946466388055645439e+03
-1.930397075953039121e+03
-1.222117033080491865e+03
-1.961549923620755408e+03
-1.948201631333028672e+03
-1.942844373723535227e+03
-1.925171013561121526e+03
-7.435424836486566846e+02
-1.938340356277666615e+03
-1.961285302104513448e+03
-1.932646233774746406e+03
-1.947665581623505204e+03
-8.236678504206647631e+02
-7.793340165083125157e+02
-7.904044188693267188e+02
-1.946844984208210008e+03
-1.909324995746396780e+03
-1.931910505290835317e+03
-1.934007762087167976e+03
-1.934321702519219571e+03
-1.952632708889081641e+03
-1.934226080493064501e+03
-1.926001756968109930e+03
-1.919409754730828354e+03
-1.955102506014629853e+03
-1.944521668902024658e+03
-1.946392682403101389e+03
-1.928844109446954917e+03
-1.955410779139946953e+03
-1.940147382901752508e+03
-1.918579917398270709e+03
-1.927054049560273143e+03
-1.939973116968567638e+03
-1.906878947201303617e+03
-1.933736340160189684e+03
-1.933907594703068071e+03
-9.465196517261667850e+02
-7.727082794461264257e+02
-1.950516185631624012e+03
-1.905036087840719347e+03
-1.907865267333972042e+03
-1.918854545801958920e+03
-1.920258677857765178e+03
-1.909409383210713258e+03
-1.935505564799581407e+03
-1.951283286685576513e+03
-1.950919900378539751e+03
-1.897253103345833551e+03
-1.935467037796059685e+03
-1.946902554347863315e+03
-1.932467485069635131e+03
-1.949349368371451192e+03
-1.924960669390901330e+03
-1.929307602651672369e+03
-1.941145585750298324e+03
-1.938806609820382846e+03
-1.938495633711364007e+03
-1.919441289669729713e+03
-1.920784103668879197e+03
-1.939646556421659170e+03
-1.908526118604370367e+03
-1.945250945046317156e+03
-1.889935847362724871e+03
-1.921117823591458091e+03
-1.925172942330784963e+03
-1.920642235388340396e+03
-6.515800438216326711e+02
-1.920111320173759623e+03
-1.984303082180679439e+03
-1.926486779573704325e+03
-1.914778612540452741e+03
-1.924454677889045797e+03
-1.914335851000196726e+03
-1.953440638901249031e+03
-1.930157170463093053e+03
-1.906927937958376333e+03
-1.966718206160342334e+03
-1.914114975345224593e+03
-1.944020066244379450e+03
-1.946082995062312420e+03
-1.938598403706962245e+03
-1.938090887389583258e+03
-1.907335083391361877e+03
-1.951092012764500396e+03
-1.939177512658129899e+03
-1.906607762737264693e+03
-1.921162663804902650e+03
-1.912598773842856644e+03
-1.930091114133772408e+03
-1.938232439243328827e+03
-1.906260013299588081e+03
-1.974132205939459482e+03
-1.883448249456182111e+03
-1.893595983076991615e+03
-1.934997240336345385e+03
-1.931693214866621020e+03
-1.913089796241034946e+03
-1.926315199548805595e+03
-1.942168229617368070e+03
-1.916064896834662704e+03
-1.931939134555202145e+03
-1.921145125939804075e+03
-1.933947757354351779e+03
-1.947351001061861325e+03
-1.921440637781334090e+03
-1.928291295996252757e+03
-1.910296976089644431e+03
-1.938658736557889597e+03
-1.933878969466761646e+03
-1.929887089942051261e+03
-1.935695294546825608e+03
-1.913540341739028918e+03
-1.901168100079597934e+03
-1.938087932850963853e+03
-1.950516756414620886e+03
-1.921600022187305967e+03
-1.927151113796935988e+03
-1.921144746408502442e+03
-1.921951717360712337e+03
-1.905127346061521848e+03
-1.923043053901728172e+03
-1.903531583507646474e+03
-1.930668040146464818e+03
-1.904412614671528445e+03
-1.928307142340551309e+03
-1.967828773752202778e+03
-1.919095193314398330e+03
-1.910238033028901100e+03
-1.929933757377750680e+03
-1.922883472668289869e+03
-1.913723327850408850e+03
-1.933213361809572007e+03
-1.908744758266515419e+03
-1.932100797482224152e+03
-1.914692213941967111e+03
-1.935532203502840503e+03
-1.918719623272991157e+03
-1.925808030354021639e+03
-1.934220622218929066e+03
-7.596017890397516794e+02
-7.976202821972208312e+02
-1.958354054553722563e+03
-1.921543393122731004e+03
-1.934421296255028665e+03
-1.932559526942938191e+03
-1.936363386816881757e+03
-7.157894812321419522e+02
-1.965171196324521134e+03
-1.956066849060271807e+03
-1.908247231684535791e+03
-1.931545214313031011e+03
-1.933839681662403336e+03
-1.892799681353492815e+03
-1.922456086838641113e+03
-1.912796582097705823e+03
-1.912463791259926438e+03
-1.913045072732188601e+03
-1.932486960266002598e+03
-1.932107488743481326e+03
-1.904694806162031909e+03
-1.919758608683468992e+03
-1.948787340488900554e+03
-1.936124251737136319e+03
-9.038880159194145563e+02
-1.944453360777066791e+03
-1.920968215607791080e+03
-1.926551403079367674e+03
-1.113911321720537217e+03
-7.743873291021629939e+02
-1.956564138773595914e+03
-1.912584058252663453e+03
-1.924508482054597380e+03
-1.911423650575862666e+03
-1.924506709509547591e+03
-1.940479681778130271e+03
-1.914105427131122951e+03
-1.907298827658480604e+03
-1.921361348237025823e+03
-1.946674472158342269e+03
-8.035238086983160883e+02
-1.955815131539593949e+03
-1.931796723380946787e+03
-1.914139035432609717e+03
-7.910736086350168534e+02
-1.931523068640979545e+03
-1.942738167595464574e+03
-1.966340679086832552e+03
-1.917939619748158748e+03
-1.937971383310284182e+03
-1.912555173475668653e+03
-1.903296203751589928e+03
-1.961485352875846957e+03
-1.906806921998669850e+03
-1.912497405542918386e+03
-1.894356819512523089e+03
-1.925924420157820350e+03
-1.916047086186343677e+03
-1.949927511861431640e+03
-1.964505216384479581e+03
-1.939069026480128286e+03
-1.948138816505359046e+03
-1.905181082113848106e+03
-1.918204487970499713e+03
-1.926951072155355178e+03
-1.913694293486676997e+03
-1.921053116157478144e+03
-1.920167839968649332e+03
-1.932404158414698031e+03
-1.917831888986515878e+03
-1.928145704971715531e+03
-1.979739689625032952e+03
-1.911555305880710875e+03
-1.918431485268026336e+03
-1.939848922722684847e+03
-1.934775151982985108e+03
-1.940108267156800139e+03
-1.925182842299683671e+03
-1.960850074845483732e+03
-1.928572660831777057e+03
-1.924377424009288461e+03
-1.928949062901767547e+03
-1.912630817908215022e+03
-7.348145650471985846e+02
-1.946127400544502962e+03
-1.924288286870513730e+03
-1.925553044697634959e+03
-1.932494047771211626e+03
-1.930838521711341855e+03
-1.927392058517313671e+03
-7.644094147226034011e+02
-1.943635174861537507e+03
-1.935232160414404007e+03
-1.919132297699491801e+03
-1.900097719778130795e+03
-1.918335737982374667e+03
-1.944269386076745377e+03
-1.939449620601568540e+03
-1.925748999301424192e+03
-1.953755958831730368e+03
-7.805543083791623076e+02
-1.920408030872733434e+03
-1.917029186337604415e+03
-1.926453035125111910e+03
-1.887112863149941631e+03
-1.960123942106503819e+03
-1.919311914598058138e+03
-1.925579671850249952e+03
-7.398295605414514284e+02
-1.902517556084466378e+03
-1.927992413206502306e+03
-1.917312406011144049e+03
-1.916540511292735800e+03
-1.912203258461267978e+03
-8.549011276264739081e+02
-1.918929164055208275e+03
-1.908212254309787340e+03
-1.918237218954358013e+03
-1.941048909522464328e+03
-1.927327239250312687e+03
-1.929131077445155370e+03
-1.909339245008476837e+03
-1.945391385712316605e+03
-1.945401827270195554e+03
-8.054955036639745458e+02
-1.933149742960235244e+03
-1.944515852667457693e+03
-1.941325791221597228e+03
-1.921349936204051801e+03
-1.974924970724816376e+03
-1.941896435340724565e+03
-1.920602213735089663e+03
-1.937184732678564160e+03
-1.947672189687901209e+03
-1.966487423339385259e+03
-1.967597530759578376e+03
-1.951719098966545516e+03
-1.928524828942053091e+03
-1.921966542726937178e+03
-1.922429401187452868e+03
-1.949792535716781458e+03
-1.945191170295919164e+03
-1.915230080974449038e+03
-1.944942444865603193e+03
-1.932259046957064129e+03
-1.964119621976905819e+03
-1.951696955108226121e+03
-1.964629796587113333e+03
-1.927394646488353828e+03
-1.944913276016604414e+03
-1.932012289001576391e+03
-1.932197336074303621e+03
-1.943256076165656850e+03
-1.925969292192743978e+03
-1.927247632575523539e+03
-1.941738763714860852e+03
-1.936501180675780688e+03
-1.950612657622998768e+03
-1.901749681110589790e+03
-1.922153969532063002e+03
-1.955936479441273150e+03
-1.901057676956056639e+03
-1.919106020853651899e+03
-1.918732625901443953e+03
-1.947128390901769308e+03
-1.913204575817864225e+03
-1.920503498243512240e+03
-1.914393979217960577e+03
-1.942088201500909690e+03
-1.908269511972001510e+03
-1.947344094593217960e+03
-1.931061355730472769e+03
-1.953168758351253473e+03
-8.728687688293939573e+02
-1.945547524437653919e+03
-1.917064783015376861e+03
-1.937919416706108677e+03
-1.948609342859424487e+03
-7.979166752853282105e+02
-1.967124612064027360e+03
-1.934342416323567704e+03
-1.940883910730082789e+03
-1.922857683932655618e+03
-1.917596320894837390e+03
-7.087175089852291876e+02
-1.956096229248011241e+03
-1.955878204518822258e+03
-1.956093192143770239e+03
-1.926110139860719300e+03
-1.920836428810830967e+03
-1.937053979478708698e+03
-1.938620191647909223e+03
-1.890169548407989623e+03
-1.937691291469521957e+03
-1.954914072337072184e+03
-1.919214298810372384e+03
-1.925782587195595397e+03
-1.904252259366210183e+03
-7.614081969905452070e+02
-1.923757550606444056e+03
-1.917652569574431027e+03
-1.912525929880316653e+03
-7.560774172418726948e+02
-1.908836375864746060e+03
-1.952582604871656713e+03
-1.957966287285242288e+03
-7.643943781607081291e+02
-1.957291114475930044e+03
-1.924761124451511478e+03
-1.947001310944464194e+03
-1.919068199993411099e+03
-1.927847536493891539e+03
-1.907325507059717438e+03
-1.967119299745141234e+03
-1.940330552719086882e+03
-1.946700534280744705e+03
-1.958399416980804062e+03
-1.910920865844393120e+03
-1.917515114933911264e+03
-1.955392891084189159e+03
-1.935982343596064084e+03
-1.940959309355758705e+03
-1.960247785792146942e+03
-1.907721783350701571e+03
-1.936278793866362776e+03
-8.138946554285903403e+02
-1.905988655296980596e+03
-1.911407615991697639e+03
-1.929821374295494479e+03
-7.802106942646694279e+02
-1.935655482995354760e+03
-1.952204057525039843e+03
-1.936694892914835236e+03
-1.946726217371795656e+03
-1.895173618467980532e+03
-1.920334013480885915e+03
-1.939684732285688142e+03
-1.931162839020601950e+03
-1.938186439976654810e+03
-1.961653539158376589e+03
-1.923011257705549269e+03
-1.921950244608793582e+03
-1.935209625008852072e+03
-1.892476037670129472e+03
-1.947336199304252204e+03
-1.903275136429730537e+03
-1.942880751233772344e+03
-1.931035105757544670e+03
-1.918178766603901749e+03
-1.967639968496868505e+03
-1.915296535415773178e+03
-1.935360122153441580e+03
-1.911296315744707954e+03
-7.602819951612291334e+02
-1.937841735053475986e+03
-1.926633776275786204e+03
-1.924290612040216956e+03
-1.906569768634082948e+03
-1.914930289669211106e+03
-1.918354438093954968e+03
-1.929711844978477984e+03
-1.927448949907982524e+03
-1.907606461006846075e+03
-8.105914930036936994e+02
-1.922670212815227387e+03
-1.938232694128833828e+03
-8.535096003264384308e+02
-1.942979231843901516e+03
-1.927278737779128505e+03
-1.941892948172817796e+03
-1.961225672947104158e+03
-1.933140779254696554e+03
-1.949229650978022619e+03
-1.912365970552020372e+03
-1.932585908435707324e+03
