Model: gaussian
Real logL: -63.22729320345233
Mean sim logL: -48.96424530560225
Std sim logL: 7.177630124220205
Delta TS: -14.263047897850079
Significance: -1.9871528138125745 sigma
TS_sim array:
-5.872596723953682130e+01
-4.237949175072472485e+01
-3.476650285205354862e+01
-4.005802519291918884e+01
-3.969598869658111795e+01
-4.287416860904287574e+01
-5.024721772339421477e+01
-6.703729933445947609e+01
-4.219852245098189059e+01
-4.893190679410076172e+01
-4.768212610638337878e+01
-4.687313485581815797e+01
-5.614354828743277182e+01
-4.395926349864942040e+01
-4.551111850516013391e+01
-4.846250619102539048e+01
-5.574965236730938045e+01
-4.894259859105580546e+01
-4.186804868412265535e+01
-3.080234206978365563e+01
-5.307580709995676216e+01
-5.946933669079157170e+01
-4.621771275547546765e+01
-4.277775412167611790e+01
-5.109636179802483014e+01
-4.699316633368882634e+01
-4.935278105842010632e+01
-5.109118863418812140e+01
-3.914092169863450010e+01
-4.857399135914229049e+01
-5.896956160118617163e+01
-5.004410114278284993e+01
-5.517494362773359029e+01
-4.050819900273142338e+01
-5.102479662912422498e+01
-5.373427262311560071e+01
-5.041330477321674408e+01
-5.528173617374162063e+01
-6.024465253229988804e+01
-4.989597641668012074e+01
-5.742589191211597921e+01
-4.004861796654549977e+01
-4.295161486352556324e+01
-5.405137733089200935e+01
-5.850099611251297205e+01
-5.106081509851102851e+01
-4.995428415955598211e+01
-4.720273883052152541e+01
-4.328595187420301471e+01
-5.453934036567083155e+01
-3.659242195810060139e+01
-4.325015810202487643e+01
-3.952399288837009550e+01
-5.701505610309391869e+01
-5.255360835185695123e+01
-5.654237078253004256e+01
-4.824252409343117165e+01
-6.737814535620714196e+01
-4.831244512638505029e+01
-5.930420003108340410e+01
-5.534242577130665097e+01
-4.731780659974101155e+01
-5.217576515496907064e+01
-6.060833916462514281e+01
-4.581391151766362668e+01
-4.665624815835462158e+01
-4.521156984252645827e+01
-4.940635889971407835e+01
-4.201871028106665307e+01
-6.129658242902058163e+01
-4.549289262366700370e+01
-5.789512106971141492e+01
-5.217221235304766935e+01
-3.954948925794980141e+01
-4.358203713440376958e+01
-5.225677631676310853e+01
-3.969767693747412096e+01
-6.170663331460946210e+01
-5.241566519900224819e+01
-5.091368413616284982e+01
-5.650690035055170313e+01
-5.276254054406012983e+01
-4.894632241559215657e+01
-3.973570833406652270e+01
-4.572602399482455127e+01
-3.991191674758358943e+01
-5.114502391500175804e+01
-4.592249995021710163e+01
-4.269078791004070439e+01
-4.632741768183407061e+01
-4.398828694831716746e+01
-3.831440008494986671e+01
-6.295008976096014663e+01
-4.912221383483984738e+01
-4.508305205590120579e+01
-4.875269651113396918e+01
-5.440704659770295137e+01
-3.679490190154521656e+01
-4.946953930864018645e+01
-4.261070837039834913e+01
