Model: alpha
Real logL: -52.13510659876689
Mean sim logL: -52.513562294430386
Std sim logL: 7.124087063526376
Delta TS: 0.37845569566349724
Significance: 0.05312339564196232 sigma
TS_sim array:
-5.426040369014452125e+01
-4.365013072251013426e+01
-5.067342447487064305e+01
-4.220768754929493838e+01
-4.462895583022451973e+01
-6.713560814172777214e+01
-6.084482974493776197e+01
-5.117679432522149341e+01
-4.091820224168300513e+01
-5.601207553808201567e+01
-4.583353417066242486e+01
-4.877919876876602956e+01
-5.877680637465724089e+01
-6.030214047202687055e+01
-5.039408206713478933e+01
-5.618767552614830407e+01
-4.936065225636667009e+01
-6.117417584296046584e+01
-5.420106221438425820e+01
-6.229382675864292906e+01
-5.956180508297486398e+01
-4.753990968451792298e+01
-4.439524082413838357e+01
-5.655465180002126147e+01
-6.843618229125088703e+01
-5.566444516560299860e+01
-5.332802447154914915e+01
-5.708925815119918923e+01
-4.797215700871519317e+01
-5.884831670361165123e+01
-4.984619888873383076e+01
-5.219139470604522302e+01
-5.761110167132621029e+01
-5.075951435802073775e+01
-5.321152336048096743e+01
-5.432597753165900656e+01
-4.828718807888325415e+01
-5.213037791375435859e+01
-5.943259771967176164e+01
-4.792893592198609554e+01
-4.757306524218471822e+01
-4.864270298263397763e+01
-5.908793640671947145e+01
-4.066013475915359265e+01
-5.902121707824483110e+01
-4.278253369624644620e+01
-4.610231933324465103e+01
-4.747115065661491684e+01
-4.252268505191736381e+01
-5.262918396277088817e+01
-4.728034954796321188e+01
-5.404189521287378284e+01
-5.534119011465971738e+01
-5.751537144238796628e+01
-5.419541810624770761e+01
-6.030601403803324700e+01
-3.923328380321825648e+01
-5.533358293054820365e+01
-6.031660667542958265e+01
-4.839554792111889014e+01
-4.482145633206054214e+01
-5.268090256251748826e+01
-6.940438779880422260e+01
-4.950558037811865120e+01
-5.451692535743478629e+01
-4.288870957166625431e+01
-5.125330394397536082e+01
-5.745677671763435512e+01
-3.668851716362978266e+01
-4.906113864434635019e+01
-5.007034681070444293e+01
-6.160297265354436291e+01
-4.676504997730103241e+01
-4.450722266674568317e+01
-4.962420897433558054e+01
-4.915693788462631630e+01
-5.489639610946667148e+01
-6.169854820094026593e+01
-6.249112758340680784e+01
-5.480815742550518621e+01
-5.250550409114387662e+01
-5.101313761918581235e+01
-6.066516582999218343e+01
-6.941641029864295831e+01
-4.960693399877372656e+01
-3.668850680904334638e+01
-6.358342885883011064e+01
-4.848493588362148188e+01
-4.972204535038586215e+01
-5.482862229303051294e+01
-4.750943160043593849e+01
-6.791716287293307630e+01
-5.797942207464755171e+01
-5.381127994003067982e+01
-4.996136132029033661e+01
-5.535107030543419881e+01
-5.199692725872593968e+01
-4.643202433924506067e+01
-5.030210039988757842e+01
-3.730383453519337422e+01
