Model: lognorm
Real logL: -50.507214576494306
Mean sim logL: -51.71401451899308
Std sim logL: 7.049333205604337
Delta TS: 1.206799942498776
Significance: 0.17119348841949336 sigma
TS_sim array:
-4.516217467732828794e+01
-5.745952024139953096e+01
-5.539941897727818798e+01
-5.268744322259506419e+01
-5.543441385501478891e+01
-5.797507131511392942e+01
-5.188084427051556702e+01
-3.770460313594577428e+01
-4.472033361894315107e+01
-5.682247059279118417e+01
-5.152641757499532105e+01
-5.945886069047187306e+01
-5.094063227346068601e+01
-5.467830914363764805e+01
-5.674128279697094257e+01
-5.209039093177540281e+01
-5.044266966223342763e+01
-4.469399368449665388e+01
-6.260709540668197093e+01
-4.816593506043595596e+01
-4.430658164460761128e+01
-5.279067067626957055e+01
-4.471328564658119831e+01
-5.000783901357034011e+01
-4.239420136044573439e+01
-4.792519400739940494e+01
-5.458242689219783728e+01
-6.295893331015061278e+01
-5.638312246379929604e+01
-5.513817176506430684e+01
-6.110601821303055203e+01
-5.725303848471175883e+01
-4.262217071630250587e+01
-4.761349829675533840e+01
-5.848958446464686034e+01
-5.589645071528556031e+01
-5.050480781159065913e+01
-5.427367719505319599e+01
-4.944204913291974179e+01
-5.169309098944378178e+01
-6.077097416628818394e+01
-4.931615572469335262e+01
-5.032514074983384944e+01
-5.799664231633381206e+01
-4.831854362576695650e+01
-4.799282727347577548e+01
-4.718582244074601562e+01
-5.343990236114314740e+01
-4.904368348562209690e+01
-4.037391381018577619e+01
-3.241474972748114425e+01
-5.479642570460061535e+01
-4.419933015037779711e+01
-6.637095077283196076e+01
-5.337472640547431979e+01
-4.513609755277573754e+01
-5.190692869759938333e+01
-6.384140964338901370e+01
-5.222448298733976202e+01
-5.930110012356567495e+01
-6.603407989761839758e+01
-5.583438612814401836e+01
-5.035536062467306095e+01
-4.075373812842006060e+01
-4.938414827672204410e+01
-6.304306835635096462e+01
-4.940754642160295873e+01
-5.989025160967918282e+01
-5.106391295878066927e+01
-6.743192734555118761e+01
-5.619775243914199336e+01
-6.350862224728321337e+01
-3.952281329199202276e+01
-5.071802426928124419e+01
-5.410033970545244131e+01
-5.484268863738986965e+01
-5.668763110631790880e+01
-6.918950684306335575e+01
-5.310991178048468697e+01
-4.438270822458465403e+01
-4.811664767734814063e+01
-5.445103532405273228e+01
-4.584324507948085881e+01
-4.672736767317773854e+01
-3.923399811598034859e+01
-5.684165928364494391e+01
-5.486584178930806388e+01
-4.217476884937111237e+01
-4.678118940134010728e+01
-4.892902358668941076e+01
-5.156588593426832290e+01
-5.033964248305686340e+01
-3.727731480985902834e+01
-5.216506977376819520e+01
-4.070756880296917757e+01
-5.648280745876191133e+01
-4.608876400032082898e+01
-4.422640628038623589e+01
-4.527544046067077943e+01
-5.283285517088351924e+01
